index,user_id,create_date,count,area_pixels,area_mm2
27,269,2025-02-08 23:21:22.362845+00:00,22,391415,0.0032270757656
27,240,2025-02-08 23:34:17.878285+00:00,19,391415,0.0032270757656
27,235,2025-02-07 17:47:47.210854+00:00,26,391415,0.0032270757656
27,242,2025-02-05 13:19:15.363079+00:00,19,391415,0.0032270757656
27,248,2025-02-06 22:14:40.862685+00:00,18,391415,0.0032270757656
27,222,2025-02-04 10:26:44.590372+00:00,20,391415,0.0032270757656
27,232,2025-02-03 22:53:11.282708+00:00,10,391415,0.0032270757656
27,236,2025-02-05 13:23:47.223551+00:00,28,391415,0.0032270757656
27,252,2025-02-08 18:46:32.416847+00:00,15,391415,0.0032270757656
27,267,2025-02-08 22:20:36.924858+00:00,23,391415,0.0032270757656
27,221,2025-02-08 17:10:19.372782+00:00,21,391415,0.0032270757656
27,257,2025-02-08 18:47:41.414038+00:00,18,391415,0.0032270757656
27,249,2025-02-08 17:11:25.246913+00:00,26,391415,0.0032270757656
27,239,2025-02-05 13:34:30.804609+00:00,13,391415,0.0032270757656
27,169,2025-02-04 14:46:20.159471+00:00,17,391415,0.0032270757656
27,218,2025-02-05 16:48:48.196128+00:00,16,391415,0.0032270757656
27,261,2025-02-08 21:17:08.496876+00:00,21,391415,0.0032270757656
27,220,2025-02-07 13:16:45.051300+00:00,13,391415,0.0032270757656
27,255,2025-02-08 17:01:27.453233+00:00,31,391415,0.0032270757656
27,243,2025-02-08 22:24:00.809670+00:00,21,391415,0.0032270757656
27,214,2025-02-03 15:04:33.264486+00:00,18,391415,0.0032270757656
27,223,2025-02-07 11:35:40.759189+00:00,15,391415,0.0032270757656
27,246,2025-02-07 12:07:10.237198+00:00,28,391415,0.0032270757656
27,219,2025-02-08 18:07:41.021646+00:00,24,391415,0.0032270757656
27,226,2025-02-08 17:02:18.550207+00:00,14,391415,0.0032270757656
27,237,2025-02-08 22:57:52.917379+00:00,32,391415,0.0032270757656
27,211,2025-02-03 15:07:16.566856+00:00,23,391415,0.0032270757656
27,270,2025-02-08 23:38:47.755221+00:00,19,391415,0.0032270757656
27,254,2025-02-08 16:05:48.221926+00:00,24,391415,0.0032270757656
27,217,2025-02-04 09:02:56.877281+00:00,24,391415,0.0032270757656
27,231,2025-02-03 18:34:51.846615+00:00,18,391415,0.0032270757656
27,225,2025-02-07 16:50:14.867146+00:00,13,391415,0.0032270757656
27,273,2025-02-08 22:51:46.981655+00:00,19,391415,0.0032270757656
27,241,2025-02-05 09:46:34.022149+00:00,27,391415,0.0032270757656
27,256,2025-02-08 21:09:59.339197+00:00,15,391415,0.0032270757656
27,264,2025-02-08 22:58:36.865059+00:00,20,391415,0.0032270757656
27,216,2025-02-04 12:09:41.854538+00:00,27,391415,0.0032270757656
27,253,2025-02-08 16:22:42.483698+00:00,3,391415,0.0032270757656
27,233,2025-02-08 11:37:28.436008+00:00,18,391415,0.0032270757656
27,275,2025-02-09 00:20:33.900042+00:00,13,391415,0.0032270757656
27,230,2025-02-09 04:26:28.016242+00:00,21,391415,0.0032270757656
27,229,2025-02-09 05:09:49.462974+00:00,35,391415,0.0032270757656
27,277,2025-02-09 16:34:08.495242+00:00,19,391415,0.0032270757656
27,262,2025-02-09 18:34:42.861510+00:00,3,391415,0.0032270757656
27,279,2025-02-09 18:58:00.357132+00:00,17,391415,0.0032270757656
27,263,2025-02-09 19:25:25.208161+00:00,13,391415,0.0032270757656
27,271,2025-02-09 21:51:21.209669+00:00,27,391415,0.0032270757656
27,281,2025-02-09 23:22:05.410153+00:00,21,391415,0.0032270757656
27,268,2025-02-09 23:40:49.164262+00:00,13,391415,0.0032270757656
27,282,2025-02-09 23:52:37.866672+00:00,24,391415,0.0032270757656
27,278,2025-02-10 00:51:11.318878+00:00,28,391415,0.0032270757656
27,266,2025-02-10 17:26:49.368107+00:00,14,391415,0.0032270757656
27,283,2025-02-10 23:49:35.084069+00:00,5,391415,0.0032270757656
27,285,2025-03-05 00:51:32.028112+00:00,31,391415,0.0032270757656
27,284,2025-03-05 00:56:31.214282+00:00,0,391415,0.0032270757656
27,292,2025-03-19 11:21:27.640779+00:00,23,322680,0.0026603804352
27,2,2025-03-19 17:17:02.800661+00:00,28,368340,0.0030368306976
27,302,2025-03-21 01:30:32.366464+00:00,43,391415,0.0032270757656
27,294,2025-03-21 01:32:23.961879+00:00,38,391415,0.0032270757656
27,1,2025-06-12 21:49:19.206996+00:00,27,391415,0.0032270757656
30,251,2025-02-08 23:21:39.866400+00:00,16,442983.5,0.00365223948344
30,244,2025-02-05 16:20:47.223547+00:00,12,442983.5,0.00365223948344
30,246,2025-02-06 16:29:34.092244+00:00,17,442983.5,0.00365223948344
30,2,2025-02-03 11:21:58.646782+00:00,21,442983.5,0.00365223948344
30,231,2025-02-03 18:59:05.457585+00:00,18,442983.5,0.00365223948344
30,225,2025-02-04 12:32:40.666857+00:00,18,442983.5,0.00365223948344
30,248,2025-02-06 22:23:50.911075+00:00,14,442983.5,0.00365223948344
30,253,2025-02-08 00:21:23.272097+00:00,6,442983.5,0.00365223948344
30,256,2025-02-08 20:54:27.369651+00:00,15,442983.5,0.00365223948344
30,232,2025-02-08 17:53:05.264889+00:00,8,442983.5,0.00365223948344
30,222,2025-02-04 10:50:27.455070+00:00,8,442983.5,0.00365223948344
30,249,2025-02-07 13:53:33.427500+00:00,19,442983.5,0.00365223948344
30,264,2025-02-08 23:30:33.557135+00:00,13,442983.5,0.00365223948344
30,243,2025-02-08 22:45:15.218022+00:00,17,442983.5,0.00365223948344
30,224,2025-02-05 21:05:30.860461+00:00,12,442983.5,0.00365223948344
30,214,2025-02-03 15:05:43.019152+00:00,17,442983.5,0.00365223948344
30,223,2025-02-07 11:37:42.106616+00:00,13,442983.5,0.00365223948344
30,217,2025-02-04 08:59:33.915488+00:00,21,442983.5,0.00365223948344
30,228,2025-02-05 18:18:28.758866+00:00,4,442983.5,0.00365223948344
30,240,2025-02-08 23:23:56.979106+00:00,12,442983.5,0.00365223948344
30,267,2025-02-08 22:09:23.825961+00:00,19,442983.5,0.00365223948344
30,260,2025-02-08 23:38:54.037564+00:00,17,442983.5,0.00365223948344
30,272,2025-02-08 23:46:39.711862+00:00,24,442983.5,0.00365223948344
30,247,2025-02-08 19:24:12.084687+00:00,10,442983.5,0.00365223948344
30,273,2025-02-08 22:58:18.413592+00:00,11,442983.5,0.00365223948344
30,215,2025-02-03 15:30:13.426423+00:00,23,442983.5,0.00365223948344
30,239,2025-02-04 22:20:47.494582+00:00,20,442983.5,0.00365223948344
30,257,2025-02-08 19:24:16.446070+00:00,9,442983.5,0.00365223948344
30,261,2025-02-08 21:57:16.653223+00:00,11,442983.5,0.00365223948344
30,270,2025-02-08 23:14:37.799126+00:00,16,442983.5,0.00365223948344
30,269,2025-02-08 23:17:54.345044+00:00,18,442983.5,0.00365223948344
30,219,2025-02-08 18:15:45.414469+00:00,17,442983.5,0.00365223948344
30,221,2025-02-08 17:09:14.957934+00:00,18,442983.5,0.00365223948344
30,236,2025-02-08 23:53:49.669524+00:00,18,442983.5,0.00365223948344
30,275,2025-02-09 00:07:48.019174+00:00,10,442983.5,0.00365223948344
30,245,2025-02-09 01:29:58.717401+00:00,4,442983.5,0.00365223948344
30,276,2025-02-09 04:33:27.817958+00:00,14,442983.5,0.00365223948344
30,230,2025-02-09 04:52:38.882497+00:00,16,442983.5,0.00365223948344
30,277,2025-02-09 18:00:49.098131+00:00,15,442983.5,0.00365223948344
30,263,2025-02-09 19:22:36.120133+00:00,3,442983.5,0.00365223948344
30,281,2025-02-09 22:28:50.746196+00:00,16,442983.5,0.00365223948344
30,262,2025-02-09 23:11:03.561304+00:00,14,442983.5,0.00365223948344
30,268,2025-02-09 23:39:46.042842+00:00,5,442983.5,0.00365223948344
30,282,2025-02-09 23:43:32.353631+00:00,24,442983.5,0.00365223948344
30,278,2025-02-10 00:55:22.889898+00:00,27,442983.5,0.00365223948344
30,271,2025-02-10 01:23:06.347921+00:00,22,442983.5,0.00365223948344
30,266,2025-02-10 17:28:10.993954+00:00,8,442983.5,0.00365223948344
30,283,2025-02-10 23:28:40.752018+00:00,5,442983.5,0.00365223948344
30,284,2025-03-05 00:41:31.732287+00:00,30,442983.5,0.00365223948344
30,292,2025-03-19 11:22:44.377596+00:00,21,359425,0.002963329732
30,294,2025-03-21 01:15:44.567054+00:00,20,442983.5,0.00365223948344
30,296,2025-03-21 01:17:21.873135+00:00,17,442983.5,0.00365223948344
30,298,2025-03-21 01:28:53.717914+00:00,27,442983.5,0.00365223948344
30,1,2025-06-13 10:47:40.328560+00:00,21,442983.5,0.00365223948344
39,270,2025-02-08 23:25:36.270715+00:00,37,614247,0.00506424538608
39,215,2025-02-03 16:10:48.858734+00:00,62,614247,0.00506424538608
39,247,2025-02-08 19:35:41.380812+00:00,23,614247,0.00506424538608
39,249,2025-02-08 17:28:29.930849+00:00,42,614247,0.00506424538608
39,246,2025-02-06 17:11:18.342253+00:00,46,614247,0.00506424538608
39,214,2025-02-03 14:56:21.773116+00:00,29,614247,0.00506424538608
39,257,2025-02-08 18:25:39.682101+00:00,28,614247,0.00506424538608
39,211,2025-02-04 17:10:52.398410+00:00,40,614247,0.00506424538608
39,221,2025-02-08 17:11:47.715497+00:00,40,614247,0.00506424538608
39,219,2025-02-08 17:01:02.225650+00:00,20,614247,0.00506424538608
39,216,2025-02-04 11:49:41.756627+00:00,57,614247,0.00506424538608
39,232,2025-02-08 18:10:08.637026+00:00,17,614247,0.00506424538608
39,256,2025-02-08 21:06:12.343719+00:00,22,614247,0.00506424538608
39,269,2025-02-08 23:27:08.142852+00:00,37,614247,0.00506424538608
39,220,2025-02-07 13:23:25.482667+00:00,18,614247,0.00506424538608
39,274,2025-02-08 23:35:24.934333+00:00,22,614247,0.00506424538608
39,237,2025-02-08 22:51:30.680432+00:00,57,614247,0.00506424538608
39,273,2025-02-08 23:14:10.589465+00:00,28,614247,0.00506424538608
39,231,2025-02-03 18:33:36.387024+00:00,26,614247,0.00506424538608
39,239,2025-02-05 12:30:11.639982+00:00,13,614247,0.00506424538608
39,255,2025-02-08 19:33:34.821079+00:00,65,614247,0.00506424538608
39,258,2025-02-08 18:58:04.436149+00:00,15,614247,0.00506424538608
39,260,2025-02-08 23:09:07.036608+00:00,45,614247,0.00506424538608
39,248,2025-02-06 21:42:38.887187+00:00,18,614247,0.00506424538608
39,223,2025-02-07 11:52:07.866726+00:00,24,614247,0.00506424538608
39,169,2025-02-04 15:16:20.140170+00:00,30,614247,0.00506424538608
39,251,2025-02-08 23:34:12.661921+00:00,37,614247,0.00506424538608
39,240,2025-02-08 23:39:40.419357+00:00,25,614247,0.00506424538608
39,264,2025-02-08 23:41:38.660754+00:00,40,614247,0.00506424538608
39,244,2025-02-05 16:09:33.827131+00:00,23,614247,0.00506424538608
39,267,2025-02-08 22:13:55.143382+00:00,39,614247,0.00506424538608
39,272,2025-02-08 23:49:14.967491+00:00,59,614247,0.00506424538608
39,275,2025-02-09 00:18:00.409310+00:00,17,614247,0.00506424538608
39,245,2025-02-09 03:09:17.052079+00:00,4,614247,0.00506424538608
39,230,2025-02-09 04:49:05.484856+00:00,33,614247,0.00506424538608
39,229,2025-02-09 05:18:23.410133+00:00,55,614247,0.00506424538608
39,277,2025-02-09 18:05:21.083709+00:00,32,614247,0.00506424538608
39,262,2025-02-09 18:49:43.357036+00:00,6,614247,0.00506424538608
39,280,2025-02-09 19:46:36.519786+00:00,20,614247,0.00506424538608
39,282,2025-02-09 23:39:50.543978+00:00,28,614247,0.00506424538608
39,281,2025-02-09 23:42:53.827896+00:00,35,614247,0.00506424538608
39,271,2025-02-09 23:44:36.381845+00:00,52,614247,0.00506424538608
39,268,2025-02-09 23:50:46.340494+00:00,20,614247,0.00506424538608
39,278,2025-02-10 00:48:37.433300+00:00,52,614247,0.00506424538608
39,266,2025-02-10 17:21:08.611943+00:00,14,614247,0.00506424538608
39,283,2025-02-10 23:41:32.426213+00:00,9,614247,0.00506424538608
39,285,2025-03-05 00:40:21.808968+00:00,66,614247,0.00506424538608
39,290,2025-03-05 00:48:28.025794+00:00,48,614247,0.00506424538608
39,284,2025-03-05 00:55:58.667188+00:00,0,614247,0.00506424538608
39,292,2025-03-19 11:28:12.241140+00:00,58,562407.5,0.0046368473708
39,2,2025-03-26 22:27:59.987319+00:00,50,598790.5,0.00493681210792
39,65,2025-04-18 20:35:29.620515+00:00,55,614247,0.00506424538608
39,1,2025-06-13 11:53:37.975057+00:00,63,614247,0.00506424538608
36,260,2025-02-08 23:28:00.087278+00:00,19,413764.5,0.00341133934728
36,231,2025-02-03 18:48:25.253913+00:00,17,413764.5,0.00341133934728
36,220,2025-02-07 13:33:43.778447+00:00,9,413764.5,0.00341133934728
36,221,2025-02-08 17:09:44.324098+00:00,15,413764.5,0.00341133934728
36,223,2025-02-07 11:22:12.812033+00:00,19,413764.5,0.00341133934728
36,240,2025-02-08 23:25:53.968478+00:00,16,413764.5,0.00341133934728
36,233,2025-02-08 11:41:45.311713+00:00,17,413764.5,0.00341133934728
36,247,2025-02-08 19:27:11.034608+00:00,11,413764.5,0.00341133934728
36,211,2025-02-04 16:56:08.813263+00:00,19,413764.5,0.00341133934728
36,246,2025-02-06 16:44:16.630106+00:00,21,413764.5,0.00341133934728
36,253,2025-02-08 19:19:38.818760+00:00,3,413764.5,0.00341133934728
36,214,2025-02-03 14:45:47.754022+00:00,20,413764.5,0.00341133934728
36,244,2025-02-05 18:40:07.263256+00:00,4,413764.5,0.00341133934728
36,248,2025-02-06 22:37:51.036951+00:00,13,413764.5,0.00341133934728
36,252,2025-02-07 20:08:35.912274+00:00,9,413764.5,0.00341133934728
36,219,2025-02-08 17:57:51.181897+00:00,17,413764.5,0.00341133934728
36,216,2025-02-04 11:38:14.398953+00:00,20,413764.5,0.00341133934728
36,242,2025-02-05 13:36:09.951006+00:00,11,413764.5,0.00341133934728
36,225,2025-02-04 11:40:07.608576+00:00,17,413764.5,0.00341133934728
36,256,2025-02-08 20:38:45.890463+00:00,10,413764.5,0.00341133934728
36,234,2025-02-03 23:24:36.375775+00:00,14,413764.5,0.00341133934728
36,239,2025-02-05 11:05:31.482717+00:00,15,413764.5,0.00341133934728
36,267,2025-02-08 21:21:02.080495+00:00,21,413764.5,0.00341133934728
36,228,2025-02-04 18:25:14.238134+00:00,4,413764.5,0.00341133934728
36,243,2025-02-08 22:07:48.032191+00:00,15,413764.5,0.00341133934728
36,226,2025-02-08 17:04:06.249981+00:00,15,413764.5,0.00341133934728
36,274,2025-02-08 23:31:20.975680+00:00,16,413764.5,0.00341133934728
36,236,2025-02-08 23:37:17.541132+00:00,23,413764.5,0.00341133934728
36,217,2025-02-04 09:01:14.994046+00:00,20,413764.5,0.00341133934728
36,169,2025-02-04 15:07:15.284223+00:00,15,413764.5,0.00341133934728
36,273,2025-02-08 23:29:28.987312+00:00,16,413764.5,0.00341133934728
36,249,2025-02-08 18:57:43.055440+00:00,27,413764.5,0.00341133934728
36,251,2025-02-08 23:46:06.891072+00:00,21,413764.5,0.00341133934728
36,235,2025-02-07 16:52:16.392008+00:00,14,413764.5,0.00341133934728
36,232,2025-02-08 18:17:26.147853+00:00,10,413764.5,0.00341133934728
36,241,2025-02-05 09:53:20.199845+00:00,26,413764.5,0.00341133934728
36,255,2025-02-08 19:25:59.407854+00:00,25,413764.5,0.00341133934728
36,275,2025-02-09 00:03:35.718726+00:00,9,413764.5,0.00341133934728
36,229,2025-02-09 00:48:47.119205+00:00,24,413764.5,0.00341133934728
36,276,2025-02-09 04:14:00.852741+00:00,16,413764.5,0.00341133934728
36,230,2025-02-09 04:59:22.938447+00:00,14,413764.5,0.00341133934728
36,277,2025-02-09 17:55:37.124958+00:00,11,413764.5,0.00341133934728
36,263,2025-02-09 19:27:11.538685+00:00,13,413764.5,0.00341133934728
36,281,2025-02-09 22:37:03.254617+00:00,20,413764.5,0.00341133934728
36,271,2025-02-09 23:04:29.686900+00:00,22,413764.5,0.00341133934728
36,262,2025-02-09 23:13:15.704320+00:00,13,413764.5,0.00341133934728
36,282,2025-02-09 23:39:08.544787+00:00,17,413764.5,0.00341133934728
36,268,2025-02-09 23:43:20.817452+00:00,6,413764.5,0.00341133934728
36,278,2025-02-10 01:00:49.203202+00:00,22,413764.5,0.00341133934728
36,245,2025-02-10 11:14:04.696594+00:00,0,413764.5,0.00341133934728
36,279,2025-02-10 14:37:21.917224+00:00,12,413764.5,0.00341133934728
36,283,2025-02-10 23:37:18.141251+00:00,8,413764.5,0.00341133934728
36,3,2025-03-03 17:20:49.777031+00:00,24,413764.5,0.00341133934728
36,286,2025-03-05 00:39:01.917948+00:00,23,413764.5,0.00341133934728
36,284,2025-03-05 00:55:44.998317+00:00,0,413764.5,0.00341133934728
36,292,2025-03-19 11:26:25.390717+00:00,21,335772,0.00276831926208
36,303,2025-03-21 01:18:50.268744+00:00,24,413764.5,0.00341133934728
36,301,2025-03-21 01:27:47.384584+00:00,21,413764.5,0.00341133934728
36,300,2025-03-21 01:33:12.817974+00:00,25,413764.5,0.00341133934728
36,293,2025-03-21 01:35:18.599280+00:00,24,413764.5,0.00341133934728
36,2,2025-03-26 22:02:59.370230+00:00,19,342460,0.0028234594144
36,65,2025-04-17 20:21:49.794225+00:00,25,413764.5,0.00341133934728
36,1,2025-06-13 11:39:21.291527+00:00,25,413764.5,0.00341133934728
33,274,2025-02-08 23:30:25.343458+00:00,28,389263,0.00320933330032
33,244,2025-02-05 16:22:46.298664+00:00,11,389263,0.00320933330032
33,249,2025-02-07 21:45:04.215348+00:00,27,389263,0.00320933330032
33,253,2025-02-08 16:36:00.193021+00:00,2,389263,0.00320933330032
33,242,2025-02-05 13:23:14.561404+00:00,19,389263,0.00320933330032
33,270,2025-02-08 23:21:54.377884+00:00,20,389263,0.00320933330032
33,234,2025-02-03 22:55:24.194231+00:00,19,389263,0.00320933330032
33,246,2025-02-07 12:01:41.143429+00:00,27,389263,0.00320933330032
33,225,2025-02-04 12:40:52.841123+00:00,26,389263,0.00320933330032
33,223,2025-02-07 12:02:25.026399+00:00,13,389263,0.00320933330032
33,267,2025-02-08 21:44:12.479119+00:00,20,389263,0.00320933330032
33,237,2025-02-08 23:01:22.551091+00:00,29,389263,0.00320933330032
33,231,2025-02-03 18:18:16.630619+00:00,18,389263,0.00320933330032
33,273,2025-02-08 22:56:43.347882+00:00,19,389263,0.00320933330032
33,222,2025-02-03 15:24:21.581804+00:00,20,389263,0.00320933330032
33,257,2025-02-08 18:29:18.241976+00:00,17,389263,0.00320933330032
33,252,2025-02-07 20:12:44.319760+00:00,15,389263,0.00320933330032
33,236,2025-02-08 23:32:16.627402+00:00,27,389263,0.00320933330032
33,228,2025-02-04 18:22:56.826186+00:00,3,389263,0.00320933330032
33,256,2025-02-08 21:03:43.633944+00:00,17,389263,0.00320933330032
33,220,2025-02-07 13:19:01.696561+00:00,14,389263,0.00320933330032
33,232,2025-02-08 18:35:57.718559+00:00,9,389263,0.00320933330032
33,260,2025-02-08 23:12:21.104869+00:00,18,389263,0.00320933330032
33,214,2025-02-03 15:28:52.894535+00:00,17,389263,0.00320933330032
33,243,2025-02-05 14:50:12.576253+00:00,23,389263,0.00320933330032
33,239,2025-02-05 12:27:22.266476+00:00,14,389263,0.00320933330032
33,259,2025-02-08 19:33:17.291775+00:00,21,389263,0.00320933330032
33,235,2025-02-05 15:20:16.053927+00:00,24,389263,0.00320933330032
33,217,2025-02-03 15:10:34.563745+00:00,25,389263,0.00320933330032
33,233,2025-02-08 11:29:00.422359+00:00,23,389263,0.00320933330032
33,248,2025-02-06 23:33:54.559743+00:00,21,389263,0.00320933330032
33,251,2025-02-08 23:44:25.558388+00:00,26,389263,0.00320933330032
33,169,2025-02-04 15:14:36.988844+00:00,21,389263,0.00320933330032
33,215,2025-02-03 15:35:18.132923+00:00,25,389263,0.00320933330032
33,272,2025-02-08 23:29:45.132798+00:00,29,389263,0.00320933330032
33,241,2025-02-05 09:59:39.515586+00:00,26,389263,0.00320933330032
33,247,2025-02-08 19:25:54.206685+00:00,10,389263,0.00320933330032
33,261,2025-02-08 21:11:26.107817+00:00,19,389263,0.00320933330032
33,240,2025-02-08 23:46:44.592159+00:00,17,389263,0.00320933330032
33,275,2025-02-09 00:13:12.679638+00:00,13,389263,0.00320933330032
33,230,2025-02-09 04:27:59.589746+00:00,27,389263,0.00320933330032
33,277,2025-02-09 18:42:18.032587+00:00,17,389263,0.00320933330032
33,263,2025-02-09 19:41:15.449491+00:00,16,389263,0.00320933330032
33,271,2025-02-09 21:03:36.650382+00:00,30,389263,0.00320933330032
33,262,2025-02-09 23:04:15.185248+00:00,17,389263,0.00320933330032
33,268,2025-02-09 23:29:43.583494+00:00,8,389263,0.00320933330032
33,282,2025-02-09 23:42:13.093738+00:00,24,389263,0.00320933330032
33,266,2025-02-10 17:32:08.525920+00:00,9,389263,0.00320933330032
33,283,2025-02-10 23:35:27.800355+00:00,8,389263,0.00320933330032
33,284,2025-03-05 00:43:08.689931+00:00,31,389263,0.00320933330032
33,301,2025-03-21 01:26:10.580970+00:00,29,389263,0.00320933330032
33,293,2025-03-21 01:28:19.575002+00:00,20,389263,0.00320933330032
33,306,2025-03-21 01:36:30.382713+00:00,34,389263,0.00320933330032
33,2,2025-03-26 21:54:15.445006+00:00,33,396192,0.00326646041088
33,1,2025-06-13 11:03:01.135931+00:00,28,389263,0.00320933330032
29,240,2025-02-08 23:32:06.788757+00:00,28,989380.5,0.00815708604552
29,215,2025-02-03 16:14:46.341640+00:00,66,989380.5,0.00815708604552
29,231,2025-02-03 18:51:02.316359+00:00,31,989380.5,0.00815708604552
29,246,2025-02-06 16:38:01.954589+00:00,60,989380.5,0.00815708604552
29,243,2025-02-08 22:39:14.015844+00:00,45,989380.5,0.00815708604552
29,217,2025-02-03 18:03:04.950069+00:00,43,989380.5,0.00815708604552
29,241,2025-02-05 10:29:01.196890+00:00,43,989380.5,0.00815708604552
29,218,2025-02-05 16:39:57.802212+00:00,20,989380.5,0.00815708604552
29,222,2025-02-04 10:49:06.177035+00:00,29,989380.5,0.00815708604552
29,220,2025-02-07 13:42:21.683953+00:00,23,989380.5,0.00815708604552
29,226,2025-02-08 16:57:06.873004+00:00,27,989380.5,0.00815708604552
29,247,2025-02-08 19:28:50.531190+00:00,14,989380.5,0.00815708604552
29,214,2025-02-03 14:58:50.597396+00:00,32,989380.5,0.00815708604552
29,239,2025-02-05 10:58:19.943736+00:00,28,989380.5,0.00815708604552
29,248,2025-02-06 22:52:28.794793+00:00,37,989380.5,0.00815708604552
29,219,2025-02-08 18:04:41.136263+00:00,47,989380.5,0.00815708604552
29,256,2025-02-08 20:37:22.905737+00:00,22,989380.5,0.00815708604552
29,233,2025-02-08 11:15:45.683579+00:00,32,989380.5,0.00815708604552
29,269,2025-02-08 23:28:57.182374+00:00,27,989380.5,0.00815708604552
29,257,2025-02-08 18:35:08.608715+00:00,31,989380.5,0.00815708604552
29,258,2025-02-08 19:39:57.444477+00:00,31,989380.5,0.00815708604552
29,272,2025-02-08 23:34:57.595500+00:00,45,989380.5,0.00815708604552
29,274,2025-02-08 23:41:03.641700+00:00,34,989380.5,0.00815708604552
29,228,2025-02-05 18:21:26.542413+00:00,8,989380.5,0.00815708604552
29,249,2025-02-08 19:54:00.011283+00:00,63,989380.5,0.00815708604552
29,223,2025-02-07 11:45:13.402555+00:00,24,989380.5,0.00815708604552
29,232,2025-02-06 21:21:05.922657+00:00,11,989380.5,0.00815708604552
29,273,2025-02-08 23:07:48.535103+00:00,46,989380.5,0.00815708604552
29,264,2025-02-08 23:25:03.443343+00:00,33,989380.5,0.00815708604552
29,221,2025-02-08 17:07:16.607887+00:00,47,989380.5,0.00815708604552
29,234,2025-02-03 22:46:54.491538+00:00,36,989380.5,0.00815708604552
29,244,2025-02-05 18:30:15.629493+00:00,15,989380.5,0.00815708604552
29,259,2025-02-08 19:43:47.875932+00:00,32,989380.5,0.00815708604552
29,267,2025-02-08 22:16:11.294458+00:00,35,989380.5,0.00815708604552
29,251,2025-02-08 23:09:22.657270+00:00,32,989380.5,0.00815708604552
29,265,2025-02-08 23:57:05.134860+00:00,32,989380.5,0.00815708604552
29,275,2025-02-09 01:41:53.623467+00:00,5,989380.5,0.00815708604552
29,230,2025-02-09 04:42:40.615710+00:00,51,989380.5,0.00815708604552
29,276,2025-02-09 04:49:48.346027+00:00,32,989380.5,0.00815708604552
29,229,2025-02-09 05:06:44.859316+00:00,60,989380.5,0.00815708604552
29,277,2025-02-09 16:46:13.740878+00:00,33,989380.5,0.00815708604552
29,262,2025-02-09 18:39:42.071459+00:00,11,989380.5,0.00815708604552
29,263,2025-02-09 19:37:42.742706+00:00,13,989380.5,0.00815708604552
29,280,2025-02-09 19:53:07.561400+00:00,19,989380.5,0.00815708604552
29,268,2025-02-09 23:02:57.469463+00:00,20,989380.5,0.00815708604552
29,282,2025-02-09 23:53:14.496434+00:00,35,989380.5,0.00815708604552
29,271,2025-02-10 01:09:13.197055+00:00,58,989380.5,0.00815708604552
29,278,2025-02-10 01:22:44.804170+00:00,57,989380.5,0.00815708604552
29,279,2025-02-10 14:46:24.402743+00:00,22,989380.5,0.00815708604552
29,283,2025-02-10 23:16:16.987058+00:00,6,989380.5,0.00815708604552
29,284,2025-03-05 00:55:55.140334+00:00,0,989380.5,0.00815708604552
29,300,2025-03-21 01:17:20.206241+00:00,65,989380.5,0.00815708604552
29,298,2025-03-21 01:21:01.022626+00:00,22,989380.5,0.00815708604552
29,296,2025-03-21 01:24:47.983462+00:00,33,989380.5,0.00815708604552
29,2,2025-03-26 21:44:47.360427+00:00,64,1075232,0.00886490075648
29,65,2025-04-18 05:56:36.617161+00:00,55,989380.5,0.00815708604552
29,1,2025-06-13 10:45:09.123221+00:00,54,989380.5,0.00815708604552
11,264,2025-02-08 23:36:24.040599+00:00,13,428538,0.00353314153632
11,228,2025-02-05 18:31:21.309205+00:00,4,428538,0.00353314153632
11,269,2025-02-08 22:59:48.382526+00:00,17,428538,0.00353314153632
11,222,2025-02-04 10:31:38.393053+00:00,13,428538,0.00353314153632
11,244,2025-02-05 18:32:43.309890+00:00,6,428538,0.00353314153632
11,223,2025-02-07 11:26:18.268728+00:00,13,428538,0.00353314153632
11,215,2025-02-03 15:21:07.063305+00:00,19,428538,0.00353314153632
11,239,2025-02-05 13:31:56.177156+00:00,11,428538,0.00353314153632
11,231,2025-02-03 18:15:31.591481+00:00,16,428538,0.00353314153632
11,233,2025-02-08 10:56:52.728598+00:00,12,428538,0.00353314153632
11,261,2025-02-08 19:45:24.955299+00:00,15,428538,0.00353314153632
11,246,2025-02-07 12:03:57.999347+00:00,21,428538,0.00353314153632
11,216,2025-02-04 11:34:52.491914+00:00,22,428538,0.00353314153632
11,211,2025-02-04 17:11:46.464422+00:00,15,428538,0.00353314153632
11,232,2025-02-06 20:53:41.683234+00:00,6,428538,0.00353314153632
11,221,2025-02-03 18:20:08.153849+00:00,16,428538,0.00353314153632
11,236,2025-02-08 23:34:27.991569+00:00,19,428538,0.00353314153632
11,218,2025-02-05 16:51:02.135331+00:00,12,428538,0.00353314153632
11,270,2025-02-08 23:03:37.254275+00:00,19,428538,0.00353314153632
11,242,2025-02-05 13:46:38.740753+00:00,15,428538,0.00353314153632
11,247,2025-02-08 19:13:48.662285+00:00,11,428538,0.00353314153632
11,257,2025-02-08 19:40:11.952083+00:00,12,428538,0.00353314153632
11,267,2025-02-08 22:07:53.791769+00:00,15,428538,0.00353314153632
11,273,2025-02-08 23:24:00.101962+00:00,15,428538,0.00353314153632
11,169,2025-02-04 15:03:39.581127+00:00,14,428538,0.00353314153632
11,224,2025-02-06 10:22:51.906921+00:00,15,428538,0.00353314153632
11,256,2025-02-08 20:46:56.639861+00:00,10,428538,0.00353314153632
11,248,2025-02-06 23:36:03.637308+00:00,13,428538,0.00353314153632
11,243,2025-02-08 22:31:05.635206+00:00,14,428538,0.00353314153632
11,220,2025-02-07 13:31:53.379416+00:00,10,428538,0.00353314153632
11,214,2025-02-03 15:14:40.628989+00:00,13,428538,0.00353314153632
11,274,2025-02-08 23:18:32.653086+00:00,7,428538,0.00353314153632
11,272,2025-02-08 23:47:27.828906+00:00,20,428538,0.00353314153632
11,240,2025-02-08 23:47:44.811220+00:00,14,428538,0.00353314153632
11,265,2025-02-08 23:50:25.731841+00:00,11,428538,0.00353314153632
11,275,2025-02-09 00:02:25.212950+00:00,12,428538,0.00353314153632
11,276,2025-02-09 02:51:32.092060+00:00,14,428538,0.00353314153632
11,245,2025-02-09 03:23:39.491798+00:00,2,428538,0.00353314153632
11,230,2025-02-09 04:55:55.728676+00:00,9,428538,0.00353314153632
11,229,2025-02-09 04:57:23.616357+00:00,21,428538,0.00353314153632
11,277,2025-02-09 16:24:57.693342+00:00,21,428538,0.00353314153632
11,252,2025-02-09 20:48:51.578858+00:00,13,428538,0.00353314153632
11,262,2025-02-09 21:31:45.158337+00:00,12,428538,0.00353314153632
11,268,2025-02-09 23:38:53.121892+00:00,7,428538,0.00353314153632
11,282,2025-02-09 23:46:12.616091+00:00,20,428538,0.00353314153632
11,278,2025-02-10 01:32:32.371080+00:00,19,428538,0.00353314153632
11,271,2025-02-10 01:40:07.848113+00:00,22,428538,0.00353314153632
11,279,2025-02-10 14:35:07.438034+00:00,10,428538,0.00353314153632
11,283,2025-02-10 23:34:34.172028+00:00,6,428538,0.00353314153632
11,3,2025-03-03 17:19:55.154916+00:00,21,428538,0.00353314153632
11,284,2025-03-05 00:55:30.679703+00:00,0,428538,0.00353314153632
11,289,2025-03-05 00:57:58.272217+00:00,18,428538,0.00353314153632
11,2,2025-03-13 08:58:49.629247+00:00,20,461164.5,0.00380213528328
11,292,2025-03-19 11:15:49.682536+00:00,21,432306,0.00356420733984
11,297,2025-03-21 01:17:46.456018+00:00,8,428538,0.00353314153632
11,295,2025-03-21 01:17:54.411318+00:00,16,428538,0.00353314153632
11,302,2025-03-21 01:23:28.408802+00:00,23,428538,0.00353314153632
11,301,2025-03-21 01:31:13.326588+00:00,19,428538,0.00353314153632
11,1,2025-06-12 16:23:48.755070+00:00,21,428538,0.00353314153632
25,260,2025-02-08 23:37:45.609151+00:00,28,977644,0.00806032282816
25,222,2025-02-04 10:24:22.283037+00:00,26,977644,0.00806032282816
25,223,2025-02-07 11:23:42.276448+00:00,23,977644,0.00806032282816
25,233,2025-02-08 11:40:49.764295+00:00,34,977644,0.00806032282816
25,224,2025-02-07 19:27:11.075738+00:00,28,977644,0.00806032282816
25,247,2025-02-08 19:44:04.516707+00:00,16,977644,0.00806032282816
25,244,2025-02-05 18:32:15.193291+00:00,9,977644,0.00806032282816
25,231,2025-02-03 19:02:06.176926+00:00,34,977644,0.00806032282816
25,251,2025-02-08 23:26:16.087677+00:00,29,977644,0.00806032282816
25,270,2025-02-08 23:19:01.509713+00:00,32,977644,0.00806032282816
25,236,2025-02-08 23:22:01.835629+00:00,55,977644,0.00806032282816
25,246,2025-02-07 11:34:35.873223+00:00,46,977644,0.00806032282816
25,274,2025-02-08 23:28:44.837566+00:00,28,977644,0.00806032282816
25,239,2025-02-05 13:39:41.040352+00:00,15,977644,0.00806032282816
25,269,2025-02-08 23:36:34.446718+00:00,39,977644,0.00806032282816
25,248,2025-02-06 23:12:15.188403+00:00,32,977644,0.00806032282816
25,228,2025-02-05 18:15:53.406725+00:00,8,977644,0.00806032282816
25,256,2025-02-08 21:07:31.577095+00:00,23,977644,0.00806032282816
25,273,2025-02-08 23:23:26.220940+00:00,38,977644,0.00806032282816
25,242,2025-02-05 13:44:19.856276+00:00,29,977644,0.00806032282816
25,232,2025-02-06 21:07:48.068789+00:00,12,977644,0.00806032282816
25,265,2025-02-08 23:33:19.960147+00:00,22,977644,0.00806032282816
25,217,2025-02-03 15:08:01.698122+00:00,33,977644,0.00806032282816
25,219,2025-02-08 17:17:00.409647+00:00,33,977644,0.00806032282816
25,254,2025-02-08 16:02:31.075117+00:00,29,977644,0.00806032282816
25,240,2025-02-08 23:33:31.746213+00:00,20,977644,0.00806032282816
25,255,2025-02-08 18:40:23.607710+00:00,63,977644,0.00806032282816
25,214,2025-02-03 15:10:10.593106+00:00,26,977644,0.00806032282816
25,225,2025-02-04 12:03:37.293828+00:00,27,977644,0.00806032282816
25,220,2025-02-07 13:27:52.844329+00:00,22,977644,0.00806032282816
25,258,2025-02-08 19:24:31.351506+00:00,26,977644,0.00806032282816
25,257,2025-02-08 19:34:07.599561+00:00,32,977644,0.00806032282816
25,249,2025-02-08 20:04:09.339671+00:00,45,977644,0.00806032282816
25,264,2025-02-08 23:14:40.346847+00:00,41,977644,0.00806032282816
25,267,2025-02-08 21:30:59.257406+00:00,44,977644,0.00806032282816
25,235,2025-02-07 16:59:53.727721+00:00,40,977644,0.00806032282816
25,275,2025-02-09 00:41:07.607801+00:00,6,977644,0.00806032282816
25,245,2025-02-09 02:30:08.762386+00:00,7,977644,0.00806032282816
25,230,2025-02-09 04:17:38.419650+00:00,48,977644,0.00806032282816
25,229,2025-02-09 05:29:19.720624+00:00,55,977644,0.00806032282816
25,277,2025-02-09 18:23:16.412342+00:00,23,977644,0.00806032282816
25,263,2025-02-09 19:32:25.166558+00:00,14,977644,0.00806032282816
25,252,2025-02-09 20:50:18.593196+00:00,27,977644,0.00806032282816
25,281,2025-02-09 22:52:27.206625+00:00,35,977644,0.00806032282816
25,262,2025-02-09 23:45:10.026292+00:00,15,977644,0.00806032282816
25,268,2025-02-09 23:47:52.348203+00:00,17,977644,0.00806032282816
25,282,2025-02-09 23:48:23.539247+00:00,32,977644,0.00806032282816
25,271,2025-02-10 00:47:14.812274+00:00,56,977644,0.00806032282816
25,278,2025-02-10 01:04:35.109683+00:00,44,977644,0.00806032282816
25,279,2025-02-10 14:31:09.652493+00:00,22,977644,0.00806032282816
25,283,2025-02-10 23:50:17.831222+00:00,8,977644,0.00806032282816
25,291,2025-03-05 00:44:38.818365+00:00,32,977644,0.00806032282816
25,284,2025-03-05 00:51:51.696626+00:00,50,977644,0.00806032282816
25,292,2025-03-19 11:20:42.572682+00:00,43,840719.5,0.00693142961848
25,2,2025-03-19 17:04:22.746948+00:00,64,1029664.5,0.00848921312328
25,312,2025-04-29 16:22:00.158464+00:00,54,977644,0.00806032282816
25,1,2025-06-12 21:41:31.690767+00:00,50,977644,0.00806032282816
22,215,2025-02-03 15:15:00.746025+00:00,22,306928.5,0.00253051498824
22,211,2025-02-04 16:54:31.395151+00:00,19,306928.5,0.00253051498824
22,261,2025-02-08 20:52:09.747434+00:00,12,306928.5,0.00253051498824
22,223,2025-02-07 11:25:05.045239+00:00,14,306928.5,0.00253051498824
22,267,2025-02-08 21:35:43.713267+00:00,17,306928.5,0.00253051498824
22,214,2025-02-03 14:46:33.066852+00:00,17,306928.5,0.00253051498824
22,255,2025-02-08 17:29:54.111990+00:00,23,306928.5,0.00253051498824
22,234,2025-02-03 23:09:02.716653+00:00,16,306928.5,0.00253051498824
22,252,2025-02-08 18:47:57.826564+00:00,14,306928.5,0.00253051498824
22,269,2025-02-08 23:16:04.256482+00:00,19,306928.5,0.00253051498824
22,232,2025-02-08 18:26:00.305789+00:00,7,306928.5,0.00253051498824
22,253,2025-02-08 19:37:13.625774+00:00,4,306928.5,0.00253051498824
22,244,2025-02-05 18:48:24.815122+00:00,6,306928.5,0.00253051498824
22,220,2025-02-07 13:15:32.398885+00:00,9,306928.5,0.00253051498824
22,257,2025-02-08 19:21:56.368278+00:00,13,306928.5,0.00253051498824
22,273,2025-02-08 22:57:32.760902+00:00,17,306928.5,0.00253051498824
22,243,2025-02-08 22:46:59.460033+00:00,18,306928.5,0.00253051498824
22,221,2025-02-08 17:02:41.436531+00:00,18,306928.5,0.00253051498824
22,251,2025-02-08 22:49:15.022734+00:00,22,306928.5,0.00253051498824
22,236,2025-02-08 23:28:59.044075+00:00,21,306928.5,0.00253051498824
22,229,2025-02-08 23:37:11.669628+00:00,30,306928.5,0.00253051498824
22,246,2025-02-07 12:08:20.163999+00:00,22,306928.5,0.00253051498824
22,260,2025-02-08 23:17:04.378057+00:00,21,306928.5,0.00253051498824
22,265,2025-02-08 23:29:12.374047+00:00,12,306928.5,0.00253051498824
22,274,2025-02-08 23:33:26.670743+00:00,20,306928.5,0.00253051498824
22,217,2025-02-03 15:09:00.432135+00:00,16,306928.5,0.00253051498824
22,233,2025-02-08 11:27:53.930266+00:00,19,306928.5,0.00253051498824
22,247,2025-02-08 19:14:25.019035+00:00,9,306928.5,0.00253051498824
22,256,2025-02-08 21:08:51.713413+00:00,13,306928.5,0.00253051498824
22,216,2025-02-04 12:02:42.025941+00:00,20,306928.5,0.00253051498824
22,169,2025-02-04 15:06:38.270469+00:00,14,306928.5,0.00253051498824
22,235,2025-02-05 15:24:51.783933+00:00,16,306928.5,0.00253051498824
22,249,2025-02-07 21:27:09.241314+00:00,21,306928.5,0.00253051498824
22,226,2025-02-08 17:21:29.371017+00:00,16,306928.5,0.00253051498824
22,258,2025-02-08 19:15:34.575593+00:00,7,306928.5,0.00253051498824
22,239,2025-02-05 12:45:20.181536+00:00,12,306928.5,0.00253051498824
22,231,2025-02-03 18:45:16.275691+00:00,12,306928.5,0.00253051498824
22,248,2025-02-06 23:41:28.685990+00:00,15,306928.5,0.00253051498824
22,264,2025-02-08 23:47:22.203371+00:00,16,306928.5,0.00253051498824
22,275,2025-02-08 23:56:34.339314+00:00,15,306928.5,0.00253051498824
22,276,2025-02-09 04:11:30.875582+00:00,18,306928.5,0.00253051498824
22,230,2025-02-09 04:19:56.874171+00:00,24,306928.5,0.00253051498824
22,268,2025-02-09 16:13:41.103009+00:00,5,306928.5,0.00253051498824
22,277,2025-02-09 18:33:19.965903+00:00,12,306928.5,0.00253051498824
22,263,2025-02-09 19:24:08.714934+00:00,9,306928.5,0.00253051498824
22,280,2025-02-09 19:43:09.917752+00:00,13,306928.5,0.00253051498824
22,262,2025-02-09 21:36:57.722394+00:00,8,306928.5,0.00253051498824
22,271,2025-02-09 23:31:04.656368+00:00,23,306928.5,0.00253051498824
22,282,2025-02-09 23:52:16.387808+00:00,19,306928.5,0.00253051498824
22,279,2025-02-10 14:26:10.367800+00:00,9,306928.5,0.00253051498824
22,283,2025-02-10 23:27:14.996869+00:00,6,306928.5,0.00253051498824
22,3,2025-03-03 17:18:57.143545+00:00,22,306928.5,0.00253051498824
22,285,2025-03-05 00:34:46.792875+00:00,22,306928.5,0.00253051498824
22,286,2025-03-05 00:42:49.660710+00:00,23,306928.5,0.00253051498824
22,284,2025-03-05 00:56:35.832455+00:00,0,306928.5,0.00253051498824
22,292,2025-03-19 11:19:25.441410+00:00,21,282814,0.00233169961696
22,2,2025-03-19 13:51:00.331077+00:00,26,328718.5,0.00271016569384
22,295,2025-03-21 01:16:46.284932+00:00,23,306928.5,0.00253051498824
22,301,2025-03-21 01:32:33.549092+00:00,24,306928.5,0.00253051498824
22,298,2025-03-21 01:33:28.157876+00:00,20,306928.5,0.00253051498824
22,1,2025-06-12 21:25:49.875026+00:00,22,306928.5,0.00253051498824
14,232,2025-02-03 22:49:19.586388+00:00,12,410743.5,0.00338643228984
14,219,2025-02-08 18:18:20.733814+00:00,36,410743.5,0.00338643228984
14,246,2025-02-06 16:43:12.908583+00:00,37,410743.5,0.00338643228984
14,255,2025-02-08 17:53:02.636017+00:00,53,410743.5,0.00338643228984
14,257,2025-02-08 19:19:44.559065+00:00,22,410743.5,0.00338643228984
14,243,2025-02-08 22:21:50.203084+00:00,22,410743.5,0.00338643228984
14,254,2025-02-08 15:37:01.127109+00:00,24,410743.5,0.00338643228984
14,223,2025-02-07 12:04:00.747775+00:00,19,410743.5,0.00338643228984
14,239,2025-02-05 13:38:18.771466+00:00,10,410743.5,0.00338643228984
14,242,2025-02-06 20:54:43.689436+00:00,23,410743.5,0.00338643228984
14,256,2025-02-08 21:00:10.787719+00:00,17,410743.5,0.00338643228984
14,225,2025-02-04 11:44:39.390478+00:00,30,410743.5,0.00338643228984
14,218,2025-02-05 16:52:13.363258+00:00,17,410743.5,0.00338643228984
14,273,2025-02-08 23:30:38.094400+00:00,25,410743.5,0.00338643228984
14,231,2025-02-03 18:27:44.940937+00:00,22,410743.5,0.00338643228984
14,261,2025-02-08 20:41:34.841938+00:00,27,410743.5,0.00338643228984
14,240,2025-02-08 22:57:56.841824+00:00,25,410743.5,0.00338643228984
14,272,2025-02-08 23:37:15.191116+00:00,40,410743.5,0.00338643228984
14,217,2025-02-03 15:29:22.766805+00:00,31,410743.5,0.00338643228984
14,220,2025-02-07 13:24:45.550896+00:00,17,410743.5,0.00338643228984
14,267,2025-02-08 21:24:47.268393+00:00,30,410743.5,0.00338643228984
14,274,2025-02-08 23:24:27.158335+00:00,29,410743.5,0.00338643228984
14,221,2025-02-03 18:36:41.807871+00:00,38,410743.5,0.00338643228984
14,248,2025-02-06 23:31:50.835687+00:00,23,410743.5,0.00338643228984
14,214,2025-02-03 15:32:08.634629+00:00,25,410743.5,0.00338643228984
14,169,2025-02-04 15:13:45.617840+00:00,34,410743.5,0.00338643228984
14,247,2025-02-08 19:34:24.599775+00:00,21,410743.5,0.00338643228984
14,252,2025-02-08 18:44:06.181756+00:00,19,410743.5,0.00338643228984
14,275,2025-02-09 00:48:23.032874+00:00,9,410743.5,0.00338643228984
14,245,2025-02-09 03:01:51.930793+00:00,5,410743.5,0.00338643228984
14,276,2025-02-09 04:48:25.755845+00:00,20,410743.5,0.00338643228984
14,230,2025-02-09 05:05:08.498092+00:00,20,410743.5,0.00338643228984
14,277,2025-02-09 18:03:16.159292+00:00,24,410743.5,0.00338643228984
14,279,2025-02-09 19:04:01.914599+00:00,19,410743.5,0.00338643228984
14,263,2025-02-09 19:50:40.141819+00:00,20,410743.5,0.00338643228984
14,271,2025-02-09 22:39:01.850284+00:00,42,410743.5,0.00338643228984
14,262,2025-02-09 23:37:46.311968+00:00,16,410743.5,0.00338643228984
14,282,2025-02-09 23:38:26.859592+00:00,34,410743.5,0.00338643228984
14,268,2025-02-09 23:45:01.712725+00:00,8,410743.5,0.00338643228984
14,278,2025-02-10 00:57:11.612791+00:00,50,410743.5,0.00338643228984
14,283,2025-02-10 23:26:24.346200+00:00,7,410743.5,0.00338643228984
14,284,2025-03-05 00:55:41.811543+00:00,0,410743.5,0.00338643228984
14,2,2025-03-13 08:59:19.577538+00:00,33,377569,0.00311292048016
14,306,2025-03-21 01:20:33.779435+00:00,47,410743.5,0.00338643228984
14,65,2025-04-18 20:41:46.610964+00:00,46,410743.5,0.00338643228984
14,1,2025-06-12 20:17:50.005969+00:00,36,410743.5,0.00338643228984
8,216,2025-02-04 12:18:23.714517+00:00,34,406168,0.00334870893952
8,249,2025-02-08 18:18:11.933184+00:00,34,406168,0.00334870893952
8,242,2025-02-05 13:25:40.611508+00:00,19,406168,0.00334870893952
8,220,2025-02-07 13:39:14.526748+00:00,15,406168,0.00334870893952
8,255,2025-02-08 18:22:30.514523+00:00,40,406168,0.00334870893952
8,257,2025-02-08 19:05:45.870526+00:00,23,406168,0.00334870893952
8,218,2025-02-05 16:43:07.669187+00:00,19,406168,0.00334870893952
8,254,2025-02-08 15:25:41.978856+00:00,25,406168,0.00334870893952
8,247,2025-02-08 19:27:59.209619+00:00,9,406168,0.00334870893952
8,243,2025-02-08 22:42:18.277878+00:00,30,406168,0.00334870893952
8,259,2025-02-08 19:28:10.215170+00:00,31,406168,0.00334870893952
8,234,2025-02-03 23:21:01.319768+00:00,27,406168,0.00334870893952
8,224,2025-02-05 21:02:10.764571+00:00,24,406168,0.00334870893952
8,252,2025-02-07 20:27:27.231430+00:00,17,406168,0.00334870893952
8,246,2025-02-07 11:35:56.004210+00:00,37,406168,0.00334870893952
8,225,2025-02-04 11:50:48.665521+00:00,23,406168,0.00334870893952
8,239,2025-02-05 11:53:54.851673+00:00,17,406168,0.00334870893952
8,248,2025-02-06 23:15:57.748255+00:00,21,406168,0.00334870893952
8,265,2025-02-08 22:58:04.990417+00:00,19,406168,0.00334870893952
8,223,2025-02-07 11:43:01.579392+00:00,21,406168,0.00334870893952
8,221,2025-02-03 18:32:06.895555+00:00,27,406168,0.00334870893952
8,256,2025-02-08 20:46:05.015746+00:00,14,406168,0.00334870893952
8,273,2025-02-08 23:27:36.996305+00:00,26,406168,0.00334870893952
8,231,2025-02-03 18:38:03.169215+00:00,25,406168,0.00334870893952
8,233,2025-02-08 11:30:45.834746+00:00,26,406168,0.00334870893952
8,232,2025-02-06 21:34:01.516373+00:00,7,406168,0.00334870893952
8,214,2025-02-03 15:34:02.736088+00:00,29,406168,0.00334870893952
8,274,2025-02-08 23:37:30.973659+00:00,28,406168,0.00334870893952
8,240,2025-02-08 23:45:46.245086+00:00,21,406168,0.00334870893952
8,228,2025-02-05 18:29:42.517967+00:00,8,406168,0.00334870893952
8,261,2025-02-08 19:35:21.608742+00:00,33,406168,0.00334870893952
8,219,2025-02-08 19:03:02.771559+00:00,33,406168,0.00334870893952
8,275,2025-02-09 01:49:15.435801+00:00,6,406168,0.00334870893952
8,245,2025-02-09 03:21:51.183083+00:00,4,406168,0.00334870893952
8,276,2025-02-09 04:26:06.539046+00:00,22,406168,0.00334870893952
8,230,2025-02-09 05:06:41.673893+00:00,25,406168,0.00334870893952
8,229,2025-02-09 05:21:34.892461+00:00,30,406168,0.00334870893952
8,277,2025-02-09 18:38:15.862579+00:00,23,406168,0.00334870893952
8,263,2025-02-09 19:28:10.914767+00:00,23,406168,0.00334870893952
8,262,2025-02-09 21:55:07.147921+00:00,14,406168,0.00334870893952
8,281,2025-02-09 23:04:39.536502+00:00,28,406168,0.00334870893952
8,268,2025-02-09 23:14:49.180447+00:00,16,406168,0.00334870893952
8,282,2025-02-09 23:44:12.371257+00:00,28,406168,0.00334870893952
8,271,2025-02-09 23:55:26.478982+00:00,34,406168,0.00334870893952
8,278,2025-02-10 01:02:08.556361+00:00,37,406168,0.00334870893952
8,215,2025-02-10 16:16:11.937410+00:00,36,406168,0.00334870893952
8,266,2025-02-10 17:30:57.529616+00:00,14,406168,0.00334870893952
8,283,2025-02-10 23:17:07.237288+00:00,5,406168,0.00334870893952
8,284,2025-03-05 00:40:37.059137+00:00,40,406168,0.00334870893952
8,2,2025-03-12 11:25:47.336955+00:00,42,458732,0.00378208019648
8,292,2025-03-19 11:14:35.179326+00:00,40,429412.5,0.003540351474
8,296,2025-03-21 01:27:58.338204+00:00,33,406168,0.00334870893952
8,3,2025-04-28 19:19:35.723226+00:00,41,406168,0.00334870893952
8,1,2025-06-12 16:06:12.927404+00:00,37,406168,0.00334870893952
32,238,2025-02-04 15:38:30.552252+00:00,8,314517,0.00259307943888
32,225,2025-02-04 12:21:02.980755+00:00,8,314517,0.00259307943888
32,223,2025-02-07 11:57:22.699539+00:00,9,314517,0.00259307943888
32,237,2025-02-08 22:54:40.728228+00:00,13,314517,0.00259307943888
32,220,2025-02-07 13:38:17.915390+00:00,7,314517,0.00259307943888
32,269,2025-02-08 22:55:30.266839+00:00,9,314517,0.00259307943888
32,252,2025-02-07 20:07:22.378617+00:00,8,314517,0.00259307943888
32,273,2025-02-08 22:55:42.369860+00:00,9,314517,0.00259307943888
32,240,2025-02-08 22:55:59.047412+00:00,9,314517,0.00259307943888
32,244,2025-02-05 18:45:45.221513+00:00,3,314517,0.00259307943888
32,257,2025-02-08 18:27:10.559032+00:00,8,314517,0.00259307943888
32,256,2025-02-08 20:58:21.238901+00:00,10,314517,0.00259307943888
32,234,2025-02-03 23:14:44.762077+00:00,9,314517,0.00259307943888
32,254,2025-02-08 15:51:52.626751+00:00,7,314517,0.00259307943888
32,214,2025-02-03 15:02:58.571542+00:00,10,314517,0.00259307943888
32,258,2025-02-08 19:08:33.655953+00:00,5,314517,0.00259307943888
32,233,2025-02-08 11:18:45.578189+00:00,10,314517,0.00259307943888
32,235,2025-02-04 14:54:21.568138+00:00,9,314517,0.00259307943888
32,224,2025-02-05 21:07:46.698543+00:00,13,314517,0.00259307943888
32,265,2025-02-08 23:13:22.032321+00:00,9,314517,0.00259307943888
32,231,2025-02-03 18:30:25.184397+00:00,7,314517,0.00259307943888
32,232,2025-02-08 18:12:51.023264+00:00,5,314517,0.00259307943888
32,255,2025-02-08 18:56:33.418802+00:00,15,314517,0.00259307943888
32,247,2025-02-08 19:33:10.739564+00:00,8,314517,0.00259307943888
32,228,2025-02-05 18:24:01.535749+00:00,3,314517,0.00259307943888
32,239,2025-02-05 12:32:50.654378+00:00,8,314517,0.00259307943888
32,261,2025-02-08 21:58:43.159024+00:00,8,314517,0.00259307943888
32,243,2025-02-08 22:52:11.364454+00:00,10,314517,0.00259307943888
32,215,2025-02-03 15:33:04.368769+00:00,12,314517,0.00259307943888
32,274,2025-02-08 23:36:01.039272+00:00,10,314517,0.00259307943888
32,249,2025-02-08 17:49:15.431278+00:00,11,314517,0.00259307943888
32,246,2025-02-06 16:26:20.578392+00:00,10,314517,0.00259307943888
32,248,2025-02-06 22:04:53.724735+00:00,9,314517,0.00259307943888
32,264,2025-02-08 23:56:49.202921+00:00,12,314517,0.00259307943888
32,270,2025-02-08 23:56:53.508894+00:00,8,314517,0.00259307943888
32,275,2025-02-09 00:19:04.217202+00:00,12,314517,0.00259307943888
32,230,2025-02-09 04:32:53.023581+00:00,11,314517,0.00259307943888
32,276,2025-02-09 04:42:02.339042+00:00,9,314517,0.00259307943888
32,268,2025-02-09 16:00:56.316963+00:00,6,314517,0.00259307943888
32,277,2025-02-09 17:51:31.632816+00:00,9,314517,0.00259307943888
32,263,2025-02-09 20:04:34.479047+00:00,6,314517,0.00259307943888
32,280,2025-02-09 20:22:22.923719+00:00,5,314517,0.00259307943888
32,271,2025-02-09 22:54:04.109949+00:00,14,314517,0.00259307943888
32,281,2025-02-09 23:16:06.283056+00:00,10,314517,0.00259307943888
32,262,2025-02-09 23:33:27.116340+00:00,7,314517,0.00259307943888
32,282,2025-02-09 23:38:49.755107+00:00,10,314517,0.00259307943888
32,278,2025-02-10 00:49:20.569124+00:00,13,314517,0.00259307943888
32,266,2025-02-10 17:18:52.655149+00:00,5,314517,0.00259307943888
32,283,2025-02-10 23:46:09.076830+00:00,5,314517,0.00259307943888
32,3,2025-03-03 17:21:40.345756+00:00,10,314517,0.00259307943888
32,284,2025-03-05 00:46:40.216091+00:00,15,314517,0.00259307943888
32,292,2025-03-19 11:23:54.422349+00:00,11,303517,0.00250238839888
32,294,2025-03-21 01:15:19.200166+00:00,7,314517,0.00259307943888
32,293,2025-03-21 01:26:19.300007+00:00,15,314517,0.00259307943888
32,2,2025-03-26 21:47:24.481213+00:00,11,336468.5,0.00277406165384
32,65,2025-04-17 20:24:42.408551+00:00,15,314517,0.00259307943888
32,1,2025-06-13 10:51:51.036973+00:00,11,314517,0.00259307943888
20,241,2025-02-05 10:08:04.885457+00:00,57,939492.5,0.0077457774452
20,219,2025-02-08 17:24:44.268634+00:00,27,939492.5,0.0077457774452
20,261,2025-02-08 21:34:53.604858+00:00,42,939492.5,0.0077457774452
20,217,2025-02-03 18:04:58.708110+00:00,35,939492.5,0.0077457774452
20,169,2025-02-03 18:59:45.299633+00:00,25,939492.5,0.0077457774452
20,253,2025-02-08 17:10:06.347962+00:00,6,939492.5,0.0077457774452
20,237,2025-02-08 22:39:47.089099+00:00,60,939492.5,0.0077457774452
20,246,2025-02-06 17:03:27.242490+00:00,49,939492.5,0.0077457774452
20,223,2025-02-07 12:01:50.400901+00:00,18,939492.5,0.0077457774452
20,232,2025-02-08 18:21:04.065263+00:00,13,939492.5,0.0077457774452
20,244,2025-02-05 18:39:49.165079+00:00,11,939492.5,0.0077457774452
20,267,2025-02-08 21:38:01.218130+00:00,34,939492.5,0.0077457774452
20,220,2025-02-07 13:43:20.937021+00:00,24,939492.5,0.0077457774452
20,239,2025-02-05 13:35:57.795611+00:00,10,939492.5,0.0077457774452
20,214,2025-02-03 15:02:24.332760+00:00,37,939492.5,0.0077457774452
20,259,2025-02-08 19:07:33.305427+00:00,41,939492.5,0.0077457774452
20,273,2025-02-08 23:10:58.876780+00:00,36,939492.5,0.0077457774452
20,231,2025-02-03 18:22:24.414443+00:00,28,939492.5,0.0077457774452
20,256,2025-02-08 21:22:15.756075+00:00,18,939492.5,0.0077457774452
20,269,2025-02-08 23:12:16.441648+00:00,33,939492.5,0.0077457774452
20,233,2025-02-08 11:22:26.141923+00:00,32,939492.5,0.0077457774452
20,247,2025-02-08 19:32:37.202690+00:00,27,939492.5,0.0077457774452
20,248,2025-02-06 23:26:11.896661+00:00,31,939492.5,0.0077457774452
20,221,2025-02-08 17:05:50.586722+00:00,37,939492.5,0.0077457774452
20,228,2025-02-05 18:22:47.885510+00:00,8,939492.5,0.0077457774452
20,274,2025-02-08 23:39:24.822526+00:00,30,939492.5,0.0077457774452
20,222,2025-02-04 09:47:28.279204+00:00,31,939492.5,0.0077457774452
20,254,2025-02-08 16:13:21.970927+00:00,37,939492.5,0.0077457774452
20,270,2025-02-08 23:37:26.260527+00:00,30,939492.5,0.0077457774452
20,235,2025-02-05 15:33:49.203664+00:00,44,939492.5,0.0077457774452
20,272,2025-02-08 22:52:00.776284+00:00,31,939492.5,0.0077457774452
20,243,2025-02-08 22:11:06.400807+00:00,38,939492.5,0.0077457774452
20,258,2025-02-08 19:35:13.202400+00:00,27,939492.5,0.0077457774452
20,260,2025-02-08 23:32:05.129252+00:00,37,939492.5,0.0077457774452
20,240,2025-02-08 23:36:06.633099+00:00,26,939492.5,0.0077457774452
20,251,2025-02-08 23:49:48.703655+00:00,31,939492.5,0.0077457774452
20,275,2025-02-08 23:54:02.457244+00:00,15,939492.5,0.0077457774452
20,245,2025-02-09 01:14:31.923482+00:00,10,939492.5,0.0077457774452
20,230,2025-02-09 04:09:26.225878+00:00,57,939492.5,0.0077457774452
20,229,2025-02-09 05:25:25.196589+00:00,60,939492.5,0.0077457774452
20,277,2025-02-09 16:41:54.618753+00:00,35,939492.5,0.0077457774452
20,271,2025-02-09 18:31:35.554448+00:00,59,939492.5,0.0077457774452
20,263,2025-02-09 19:54:27.968699+00:00,13,939492.5,0.0077457774452
20,281,2025-02-09 23:37:20.647101+00:00,35,939492.5,0.0077457774452
20,268,2025-02-09 23:42:23.197327+00:00,21,939492.5,0.0077457774452
20,282,2025-02-09 23:49:22.139850+00:00,28,939492.5,0.0077457774452
20,278,2025-02-10 01:31:27.281923+00:00,54,939492.5,0.0077457774452
20,215,2025-02-10 11:39:58.075555+00:00,61,939492.5,0.0077457774452
20,283,2025-02-10 23:22:30.906310+00:00,6,939492.5,0.0077457774452
20,284,2025-03-05 00:44:25.583834+00:00,51,939492.5,0.0077457774452
20,290,2025-03-05 00:52:37.287698+00:00,65,939492.5,0.0077457774452
20,299,2025-03-21 01:31:13.865682+00:00,59,939492.5,0.0077457774452
20,2,2025-03-26 20:09:03.051022+00:00,58,955745.5,0.00787977757912
20,65,2025-04-19 07:17:20.279290+00:00,50,939492.5,0.0077457774452
20,1,2025-06-12 20:40:35.455926+00:00,57,939492.5,0.0077457774452
7,236,2025-02-05 13:13:30.154289+00:00,39,462016.5,0.00380915971656
7,228,2025-02-07 09:49:57.058320+00:00,12,462016.5,0.00380915971656
7,233,2025-02-08 11:39:24.944103+00:00,23,462016.5,0.00380915971656
7,234,2025-02-03 22:50:15.468439+00:00,19,462016.5,0.00380915971656
7,241,2025-02-05 10:14:02.096544+00:00,36,462016.5,0.00380915971656
7,256,2025-02-08 20:30:22.145766+00:00,15,462016.5,0.00380915971656
7,231,2025-02-03 18:57:53.103331+00:00,28,462016.5,0.00380915971656
7,218,2025-02-05 16:38:01.727492+00:00,20,462016.5,0.00380915971656
7,223,2025-02-07 12:00:44.464967+00:00,18,462016.5,0.00380915971656
7,214,2025-02-08 17:51:56.233501+00:00,11,462016.5,0.00380915971656
7,247,2025-02-08 19:19:40.253301+00:00,15,462016.5,0.00380915971656
7,253,2025-02-08 00:25:26.890776+00:00,5,462016.5,0.00380915971656
7,226,2025-02-08 17:10:32.585793+00:00,20,462016.5,0.00380915971656
7,242,2025-02-05 13:32:36.735043+00:00,15,462016.5,0.00380915971656
7,244,2025-02-05 18:45:26.767666+00:00,10,462016.5,0.00380915971656
7,215,2025-02-03 15:24:29.420612+00:00,56,462016.5,0.00380915971656
7,248,2025-02-06 22:57:16.610613+00:00,27,462016.5,0.00380915971656
7,273,2025-02-08 23:26:31.651296+00:00,26,462016.5,0.00380915971656
7,269,2025-02-08 23:39:46.146271+00:00,20,462016.5,0.00380915971656
7,252,2025-02-08 18:49:28.790619+00:00,19,462016.5,0.00380915971656
7,240,2025-02-08 23:38:21.611611+00:00,18,462016.5,0.00380915971656
7,169,2025-02-04 14:48:31.272187+00:00,21,462016.5,0.00380915971656
7,239,2025-02-05 13:41:01.360855+00:00,17,462016.5,0.00380915971656
7,221,2025-02-08 17:15:15.369737+00:00,26,462016.5,0.00380915971656
7,259,2025-02-08 19:39:01.481794+00:00,25,462016.5,0.00380915971656
7,249,2025-02-07 20:34:47.204014+00:00,35,462016.5,0.00380915971656
7,219,2025-02-08 18:10:45.907692+00:00,32,462016.5,0.00380915971656
7,235,2025-02-06 10:09:11.710040+00:00,25,462016.5,0.00380915971656
7,255,2025-02-08 17:42:56.923327+00:00,37,462016.5,0.00380915971656
7,251,2025-02-08 23:39:25.447362+00:00,22,462016.5,0.00380915971656
7,246,2025-02-06 12:41:37.085195+00:00,29,462016.5,0.00380915971656
7,237,2025-02-08 22:29:18.812713+00:00,33,462016.5,0.00380915971656
7,267,2025-02-08 22:30:06.769876+00:00,25,462016.5,0.00380915971656
7,220,2025-02-07 13:30:17.846656+00:00,15,462016.5,0.00380915971656
7,272,2025-02-08 23:25:30.046582+00:00,35,462016.5,0.00380915971656
7,270,2025-02-08 23:27:57.919359+00:00,25,462016.5,0.00380915971656
7,260,2025-02-08 23:44:33.038171+00:00,19,462016.5,0.00380915971656
7,216,2025-02-04 12:15:18.728688+00:00,36,462016.5,0.00380915971656
7,232,2025-02-08 17:49:54.574376+00:00,14,462016.5,0.00380915971656
7,264,2025-02-08 23:55:41.647072+00:00,19,462016.5,0.00380915971656
7,275,2025-02-09 02:52:11.180889+00:00,4,462016.5,0.00380915971656
7,245,2025-02-09 03:34:24.441850+00:00,3,462016.5,0.00380915971656
7,276,2025-02-09 04:32:16.160522+00:00,19,462016.5,0.00380915971656
7,230,2025-02-09 04:54:04.057731+00:00,27,462016.5,0.00380915971656
7,271,2025-02-09 18:41:29.145133+00:00,46,462016.5,0.00380915971656
7,262,2025-02-09 18:48:01.173991+00:00,7,462016.5,0.00380915971656
7,277,2025-02-09 18:59:07.987189+00:00,24,462016.5,0.00380915971656
7,263,2025-02-09 19:26:33.041630+00:00,27,462016.5,0.00380915971656
7,280,2025-02-09 19:48:50.959422+00:00,19,462016.5,0.00380915971656
7,282,2025-02-09 23:45:48.830527+00:00,27,462016.5,0.00380915971656
7,268,2025-02-10 00:02:18.609702+00:00,6,462016.5,0.00380915971656
7,278,2025-02-10 01:24:59.822702+00:00,39,462016.5,0.00380915971656
7,279,2025-02-10 14:28:59.730936+00:00,14,462016.5,0.00380915971656
7,266,2025-02-10 17:16:59.392585+00:00,13,462016.5,0.00380915971656
7,283,2025-02-10 23:19:29.959851+00:00,5,462016.5,0.00380915971656
7,284,2025-03-05 00:56:10.541794+00:00,0,462016.5,0.00380915971656
7,2,2025-03-12 11:29:40.473536+00:00,20,165802.5,0.0013669819236
7,292,2025-03-19 11:13:42.079991+00:00,39,371537.5,0.003063192934
7,310,2025-04-28 18:56:56.283577+00:00,14,462016.5,0.00380915971656
7,1,2025-06-12 08:30:48.448452+00:00,46,462016.5,0.00380915971656
43,228,2025-02-05 18:30:32.806070+00:00,6,690622.5,0.0056939338884
43,214,2025-02-08 17:50:53.733797+00:00,25,690622.5,0.0056939338884
43,244,2025-02-05 18:31:27.856785+00:00,17,690622.5,0.0056939338884
43,225,2025-02-04 12:30:25.746032+00:00,38,690622.5,0.0056939338884
43,241,2025-02-05 10:40:46.062463+00:00,58,690622.5,0.0056939338884
43,239,2025-02-05 13:33:16.420585+00:00,16,690622.5,0.0056939338884
43,267,2025-02-08 22:23:13.075564+00:00,41,690622.5,0.0056939338884
43,221,2025-02-03 18:18:39.167990+00:00,50,690622.5,0.0056939338884
43,211,2025-02-04 17:13:13.775274+00:00,47,690622.5,0.0056939338884
43,231,2025-02-03 19:05:15.551636+00:00,46,690622.5,0.0056939338884
43,233,2025-02-08 11:12:08.889830+00:00,37,690622.5,0.0056939338884
43,258,2025-02-08 18:49:12.148029+00:00,41,690622.5,0.0056939338884
43,272,2025-02-08 23:22:08.422216+00:00,35,690622.5,0.0056939338884
43,229,2025-02-08 23:41:39.380993+00:00,30,690622.5,0.0056939338884
43,247,2025-02-08 19:47:28.815166+00:00,30,690622.5,0.0056939338884
43,270,2025-02-08 23:34:45.634302+00:00,26,690622.5,0.0056939338884
43,249,2025-02-07 14:23:38.956510+00:00,54,690622.5,0.0056939338884
43,269,2025-02-08 23:20:14.124351+00:00,42,690622.5,0.0056939338884
43,260,2025-02-08 23:26:42.578286+00:00,39,690622.5,0.0056939338884
43,259,2025-02-08 19:11:50.626049+00:00,42,690622.5,0.0056939338884
43,273,2025-02-08 23:04:33.284547+00:00,49,690622.5,0.0056939338884
43,240,2025-02-08 23:30:50.897555+00:00,32,690622.5,0.0056939338884
43,223,2025-02-07 11:39:32.404146+00:00,28,690622.5,0.0056939338884
43,232,2025-02-08 18:40:09.519564+00:00,17,690622.5,0.0056939338884
43,261,2025-02-08 21:53:01.511836+00:00,47,690622.5,0.0056939338884
43,243,2025-02-08 22:51:11.602157+00:00,45,690622.5,0.0056939338884
43,264,2025-02-08 23:44:45.030913+00:00,41,690622.5,0.0056939338884
43,265,2025-02-08 23:46:20.513817+00:00,27,690622.5,0.0056939338884
43,219,2025-02-08 17:05:53.072384+00:00,33,690622.5,0.0056939338884
43,215,2025-02-03 15:10:08.953245+00:00,62,690622.5,0.0056939338884
43,256,2025-02-08 20:48:46.128819+00:00,25,690622.5,0.0056939338884
43,235,2025-02-05 15:58:45.494395+00:00,53,690622.5,0.0056939338884
43,248,2025-02-06 23:38:38.297736+00:00,35,690622.5,0.0056939338884
43,246,2025-02-07 12:15:56.522737+00:00,58,690622.5,0.0056939338884
43,251,2025-02-08 22:59:10.105965+00:00,45,690622.5,0.0056939338884
43,255,2025-02-08 17:23:57.196869+00:00,67,690622.5,0.0056939338884
43,274,2025-02-08 23:57:04.525157+00:00,42,690622.5,0.0056939338884
43,275,2025-02-09 00:01:13.768585+00:00,32,690622.5,0.0056939338884
43,245,2025-02-09 03:16:33.939685+00:00,5,690622.5,0.0056939338884
43,230,2025-02-09 04:22:35.354481+00:00,61,690622.5,0.0056939338884
43,276,2025-02-09 04:30:45.198931+00:00,31,690622.5,0.0056939338884
43,277,2025-02-09 17:48:25.400594+00:00,41,690622.5,0.0056939338884
43,280,2025-02-09 20:00:50.445953+00:00,28,690622.5,0.0056939338884
43,262,2025-02-09 21:34:20.651690+00:00,15,690622.5,0.0056939338884
43,281,2025-02-09 22:17:27.454614+00:00,30,690622.5,0.0056939338884
43,282,2025-02-09 23:47:32.579772+00:00,52,690622.5,0.0056939338884
43,268,2025-02-09 23:53:52.107316+00:00,12,690622.5,0.0056939338884
43,271,2025-02-10 00:02:02.313761+00:00,56,690622.5,0.0056939338884
43,266,2025-02-10 17:25:58.882827+00:00,24,690622.5,0.0056939338884
43,283,2025-02-10 23:17:50.064944+00:00,6,690622.5,0.0056939338884
43,286,2025-03-05 00:52:34.562124+00:00,59,690622.5,0.0056939338884
43,287,2025-03-05 00:54:08.382841+00:00,45,690622.5,0.0056939338884
43,284,2025-03-05 00:54:40.358707+00:00,56,690622.5,0.0056939338884
43,292,2025-03-19 11:29:31.324917+00:00,53,614195.5,0.00506382078712
43,298,2025-03-21 01:14:45.613116+00:00,23,690622.5,0.0056939338884
43,295,2025-03-21 01:26:29.645828+00:00,67,690622.5,0.0056939338884
43,2,2025-03-26 23:38:41.978317+00:00,61,665341.5,0.00548550114456
43,1,2025-06-13 17:15:14.266059+00:00,66,690622.5,0.0056939338884
34,248,2025-02-06 22:06:16.569823+00:00,11,216536.5,0.00178526548936
34,260,2025-02-08 23:21:50.669609+00:00,16,216536.5,0.00178526548936
34,2,2025-02-03 17:25:02.104889+00:00,23,216536.5,0.00178526548936
34,232,2025-02-03 22:54:38.769409+00:00,6,216536.5,0.00178526548936
34,218,2025-02-05 16:38:52.817881+00:00,9,216536.5,0.00178526548936
34,231,2025-02-03 18:14:38.337161+00:00,13,216536.5,0.00178526548936
34,246,2025-02-06 17:27:14.494295+00:00,20,216536.5,0.00178526548936
34,223,2025-02-07 12:02:55.088518+00:00,15,216536.5,0.00178526548936
34,270,2025-02-08 23:30:28.461379+00:00,14,216536.5,0.00178526548936
34,221,2025-02-08 17:13:24.724321+00:00,16,216536.5,0.00178526548936
34,219,2025-02-08 17:35:58.301708+00:00,17,216536.5,0.00178526548936
34,216,2025-02-04 11:41:50.511803+00:00,17,216536.5,0.00178526548936
34,224,2025-02-05 20:43:49.537288+00:00,16,216536.5,0.00178526548936
34,267,2025-02-08 21:18:58.716747+00:00,18,216536.5,0.00178526548936
34,265,2025-02-08 23:26:33.356044+00:00,15,216536.5,0.00178526548936
34,220,2025-02-07 13:17:46.607776+00:00,8,216536.5,0.00178526548936
34,236,2025-02-08 23:43:38.109010+00:00,20,216536.5,0.00178526548936
34,253,2025-02-08 15:59:03.870752+00:00,2,216536.5,0.00178526548936
34,235,2025-02-04 14:57:01.283211+00:00,10,216536.5,0.00178526548936
34,239,2025-02-05 11:55:25.081169+00:00,15,216536.5,0.00178526548936
34,233,2025-02-08 11:26:44.486711+00:00,15,216536.5,0.00178526548936
34,237,2025-02-08 23:14:09.733927+00:00,19,216536.5,0.00178526548936
34,274,2025-02-08 23:45:55.224813+00:00,14,216536.5,0.00178526548936
34,256,2025-02-08 20:44:26.647755+00:00,16,216536.5,0.00178526548936
34,228,2025-02-05 18:23:20.191356+00:00,6,216536.5,0.00178526548936
34,240,2025-02-08 23:27:33.319753+00:00,15,216536.5,0.00178526548936
34,215,2025-02-03 15:32:06.911645+00:00,22,216536.5,0.00178526548936
34,243,2025-02-08 22:29:17.557607+00:00,15,216536.5,0.00178526548936
34,214,2025-02-03 15:10:53.477729+00:00,12,216536.5,0.00178526548936
34,169,2025-02-04 15:12:37.371307+00:00,17,216536.5,0.00178526548936
34,247,2025-02-08 19:14:51.908975+00:00,8,216536.5,0.00178526548936
34,269,2025-02-08 23:29:39.173608+00:00,16,216536.5,0.00178526548936
34,257,2025-02-08 19:15:51.942141+00:00,13,216536.5,0.00178526548936
34,272,2025-02-08 23:09:07.886175+00:00,11,216536.5,0.00178526548936
34,255,2025-02-08 19:43:31.562199+00:00,26,216536.5,0.00178526548936
34,249,2025-02-07 21:33:06.278656+00:00,21,216536.5,0.00178526548936
34,273,2025-02-08 22:59:23.156063+00:00,16,216536.5,0.00178526548936
34,275,2025-02-08 23:48:53.398973+00:00,15,216536.5,0.00178526548936
34,264,2025-02-08 23:54:19.606792+00:00,14,216536.5,0.00178526548936
34,245,2025-02-09 03:03:19.208969+00:00,1,216536.5,0.00178526548936
34,276,2025-02-09 04:06:19.975614+00:00,8,216536.5,0.00178526548936
34,230,2025-02-09 04:38:02.838290+00:00,19,216536.5,0.00178526548936
34,277,2025-02-09 16:39:30.452635+00:00,17,216536.5,0.00178526548936
34,280,2025-02-09 19:54:36.066390+00:00,12,216536.5,0.00178526548936
34,281,2025-02-09 22:42:31.972106+00:00,12,216536.5,0.00178526548936
34,271,2025-02-09 22:49:45.453635+00:00,19,216536.5,0.00178526548936
34,262,2025-02-09 23:15:11.079571+00:00,17,216536.5,0.00178526548936
34,282,2025-02-09 23:50:37.349067+00:00,16,216536.5,0.00178526548936
34,268,2025-02-09 23:51:36.193768+00:00,8,216536.5,0.00178526548936
34,278,2025-02-10 01:19:52.540376+00:00,20,216536.5,0.00178526548936
34,279,2025-02-10 14:33:35.371400+00:00,10,216536.5,0.00178526548936
34,283,2025-02-10 23:23:07.253706+00:00,5,216536.5,0.00178526548936
34,290,2025-03-05 00:44:24.983046+00:00,22,216536.5,0.00178526548936
34,284,2025-03-05 00:55:38.389915+00:00,0,216536.5,0.00178526548936
34,292,2025-03-19 11:25:38.406364+00:00,21,209226.5,0.00172499717096
34,298,2025-03-21 01:17:05.411240+00:00,10,216536.5,0.00178526548936
34,294,2025-03-21 01:28:59.059271+00:00,26,216536.5,0.00178526548936
34,297,2025-03-21 01:34:27.884294+00:00,15,216536.5,0.00178526548936
34,3,2025-04-28 18:56:10.551298+00:00,18,216536.5,0.00178526548936
34,1,2025-06-13 11:10:41.387417+00:00,22,216536.5,0.00178526548936
3,223,2025-02-07 11:56:07.843751+00:00,9,323772.5,0.0026693877044
3,225,2025-02-04 12:25:58.281156+00:00,10,323772.5,0.0026693877044
3,219,2025-02-08 17:10:00.374391+00:00,12,323772.5,0.0026693877044
3,214,2025-02-08 17:51:18.263015+00:00,6,323772.5,0.0026693877044
3,218,2025-02-05 16:36:38.510652+00:00,8,323772.5,0.0026693877044
3,247,2025-02-08 19:44:57.044561+00:00,11,323772.5,0.0026693877044
3,267,2025-02-08 21:12:53.983588+00:00,15,323772.5,0.0026693877044
3,217,2025-02-04 10:35:45.884272+00:00,15,323772.5,0.0026693877044
3,242,2025-02-05 13:29:18.799107+00:00,7,323772.5,0.0026693877044
3,254,2025-02-08 15:20:33.004598+00:00,12,323772.5,0.0026693877044
3,274,2025-02-08 23:32:15.295923+00:00,9,323772.5,0.0026693877044
3,222,2025-02-03 15:21:52.831911+00:00,9,323772.5,0.0026693877044
3,255,2025-02-08 19:06:16.786727+00:00,16,323772.5,0.0026693877044
3,256,2025-02-08 20:33:33.791426+00:00,6,323772.5,0.0026693877044
3,231,2025-02-03 19:03:02.644045+00:00,8,323772.5,0.0026693877044
3,220,2025-02-07 13:43:41.739990+00:00,6,323772.5,0.0026693877044
3,252,2025-02-07 20:11:15.164099+00:00,4,323772.5,0.0026693877044
3,233,2025-02-08 11:07:51.838623+00:00,6,323772.5,0.0026693877044
3,260,2025-02-08 23:19:26.252360+00:00,11,323772.5,0.0026693877044
3,235,2025-02-04 14:51:44.824730+00:00,13,323772.5,0.0026693877044
3,228,2025-02-04 18:24:35.462931+00:00,2,323772.5,0.0026693877044
3,246,2025-02-07 12:07:47.151789+00:00,16,323772.5,0.0026693877044
3,240,2025-02-08 23:40:20.842296+00:00,8,323772.5,0.0026693877044
3,169,2025-02-04 15:00:09.568796+00:00,7,323772.5,0.0026693877044
3,249,2025-02-08 17:42:32.278247+00:00,9,323772.5,0.0026693877044
3,226,2025-02-08 17:18:52.660724+00:00,6,323772.5,0.0026693877044
3,239,2025-02-05 12:28:08.944745+00:00,7,323772.5,0.0026693877044
3,224,2025-02-06 10:19:49.714679+00:00,12,323772.5,0.0026693877044
3,272,2025-02-08 23:44:02.038400+00:00,15,323772.5,0.0026693877044
3,232,2025-02-08 18:13:43.025250+00:00,6,323772.5,0.0026693877044
3,261,2025-02-08 22:11:04.765799+00:00,10,323772.5,0.0026693877044
3,248,2025-02-06 23:34:57.251390+00:00,11,323772.5,0.0026693877044
3,243,2025-02-08 22:12:38.467127+00:00,11,323772.5,0.0026693877044
3,273,2025-02-08 22:52:29.081370+00:00,5,323772.5,0.0026693877044
3,269,2025-02-08 22:54:35.070667+00:00,12,323772.5,0.0026693877044
3,238,2025-02-04 15:27:54.654388+00:00,8,323772.5,0.0026693877044
3,265,2025-02-08 23:51:49.462927+00:00,10,323772.5,0.0026693877044
3,229,2025-02-09 00:40:30.176233+00:00,15,323772.5,0.0026693877044
3,275,2025-02-09 01:34:16.540225+00:00,8,323772.5,0.0026693877044
3,230,2025-02-09 04:02:30.473749+00:00,10,323772.5,0.0026693877044
3,276,2025-02-09 04:52:12.813871+00:00,7,323772.5,0.0026693877044
3,277,2025-02-09 16:42:54.322764+00:00,10,323772.5,0.0026693877044
3,280,2025-02-09 19:56:35.799017+00:00,4,323772.5,0.0026693877044
3,263,2025-02-09 20:03:16.259775+00:00,8,323772.5,0.0026693877044
3,262,2025-02-09 23:16:22.404558+00:00,8,323772.5,0.0026693877044
3,268,2025-02-09 23:25:07.078642+00:00,4,323772.5,0.0026693877044
3,271,2025-02-09 23:35:15.054515+00:00,14,323772.5,0.0026693877044
3,282,2025-02-09 23:53:31.960942+00:00,14,323772.5,0.0026693877044
3,266,2025-02-10 17:14:43.255417+00:00,6,323772.5,0.0026693877044
3,283,2025-02-10 23:32:36.085986+00:00,6,323772.5,0.0026693877044
3,284,2025-03-05 00:53:44.012792+00:00,16,323772.5,0.0026693877044
3,2,2025-03-12 11:27:30.250785+00:00,15,327444.5,0.00269966202248
3,292,2025-03-19 11:11:06.701644+00:00,12,294053.5,0.00242436524824
3,294,2025-03-21 01:17:55.518667+00:00,18,323772.5,0.0026693877044
3,300,2025-03-21 01:32:02.069293+00:00,14,323772.5,0.0026693877044
3,293,2025-03-21 01:32:51.940167+00:00,16,323772.5,0.0026693877044
3,65,2025-04-21 07:27:25.307795+00:00,17,323772.5,0.0026693877044
3,1,2025-06-11 15:10:54.515859+00:00,12,323772.5,0.0026693877044
15,253,2025-02-08 16:33:02.887387+00:00,3,512786.5,0.00422774008936
15,241,2025-02-05 10:24:05.357073+00:00,30,512786.5,0.00422774008936
15,220,2025-02-07 13:36:43.202795+00:00,14,512786.5,0.00422774008936
15,233,2025-02-08 11:42:57.863287+00:00,18,512786.5,0.00422774008936
15,251,2025-02-08 23:18:56.605067+00:00,32,512786.5,0.00422774008936
15,225,2025-02-04 12:37:58.927361+00:00,23,512786.5,0.00422774008936
15,247,2025-02-08 19:36:17.621485+00:00,20,512786.5,0.00422774008936
15,211,2025-02-04 17:03:47.438022+00:00,25,512786.5,0.00422774008936
15,232,2025-02-06 22:33:24.209608+00:00,10,512786.5,0.00422774008936
15,224,2025-02-07 19:34:12.827887+00:00,13,512786.5,0.00422774008936
15,226,2025-02-08 16:52:16.588796+00:00,20,512786.5,0.00422774008936
15,249,2025-02-08 17:56:10.992206+00:00,27,512786.5,0.00422774008936
15,265,2025-02-08 23:10:26.369886+00:00,25,512786.5,0.00422774008936
15,218,2025-02-05 16:47:38.009860+00:00,22,512786.5,0.00422774008936
15,231,2025-02-03 19:07:03.185129+00:00,20,512786.5,0.00422774008936
15,255,2025-02-08 18:07:36.194656+00:00,39,512786.5,0.00422774008936
15,254,2025-02-08 15:56:44.214633+00:00,18,512786.5,0.00422774008936
15,259,2025-02-08 19:31:31.043518+00:00,28,512786.5,0.00422774008936
15,217,2025-02-04 08:57:11.438855+00:00,28,512786.5,0.00422774008936
15,248,2025-02-06 23:17:20.694050+00:00,20,512786.5,0.00422774008936
15,214,2025-02-03 15:08:16.211644+00:00,27,512786.5,0.00422774008936
15,243,2025-02-05 15:20:07.147221+00:00,30,512786.5,0.00422774008936
15,239,2025-02-05 12:30:57.514879+00:00,6,512786.5,0.00422774008936
15,219,2025-02-08 17:19:31.947450+00:00,22,512786.5,0.00422774008936
15,236,2025-02-08 23:41:28.431892+00:00,38,512786.5,0.00422774008936
15,223,2025-02-07 11:50:06.788842+00:00,18,512786.5,0.00422774008936
15,240,2025-02-08 23:41:34.945014+00:00,22,512786.5,0.00422774008936
15,235,2025-02-07 16:57:39.876642+00:00,27,512786.5,0.00422774008936
15,258,2025-02-08 19:42:54.236687+00:00,19,512786.5,0.00422774008936
15,261,2025-02-08 20:05:19.723213+00:00,27,512786.5,0.00422774008936
15,269,2025-02-08 23:14:54.041582+00:00,26,512786.5,0.00422774008936
15,256,2025-02-08 20:50:54.090374+00:00,16,512786.5,0.00422774008936
15,246,2025-02-07 12:21:23.739553+00:00,30,512786.5,0.00422774008936
15,273,2025-02-08 22:54:36.242928+00:00,19,512786.5,0.00422774008936
15,274,2025-02-08 23:50:34.113966+00:00,23,512786.5,0.00422774008936
15,275,2025-02-09 00:59:52.860229+00:00,9,512786.5,0.00422774008936
15,245,2025-02-09 02:25:58.207088+00:00,3,512786.5,0.00422774008936
15,276,2025-02-09 03:34:44.065243+00:00,26,512786.5,0.00422774008936
15,230,2025-02-09 04:31:50.262894+00:00,29,512786.5,0.00422774008936
15,277,2025-02-09 17:49:48.790382+00:00,22,512786.5,0.00422774008936
15,263,2025-02-09 20:02:39.808523+00:00,23,512786.5,0.00422774008936
15,268,2025-02-09 23:22:22.845225+00:00,12,512786.5,0.00422774008936
15,262,2025-02-09 23:26:26.335288+00:00,18,512786.5,0.00422774008936
15,282,2025-02-09 23:48:50.075238+00:00,25,512786.5,0.00422774008936
15,271,2025-02-09 23:52:13.884357+00:00,35,512786.5,0.00422774008936
15,215,2025-02-10 11:41:42.597569+00:00,34,512786.5,0.00422774008936
15,266,2025-02-10 17:16:04.772928+00:00,11,512786.5,0.00422774008936
15,283,2025-02-10 23:31:41.087372+00:00,6,512786.5,0.00422774008936
15,285,2025-03-05 00:43:12.389665+00:00,45,512786.5,0.00422774008936
15,284,2025-03-05 00:55:24.943687+00:00,0,512786.5,0.00422774008936
15,2,2025-03-13 08:59:50.264842+00:00,22,447028,0.00368558492992
15,292,2025-03-19 11:17:56.409706+00:00,34,455256.5,0.00375342595016
15,296,2025-03-21 01:12:24.080323+00:00,14,512786.5,0.00422774008936
15,65,2025-04-17 20:41:40.829028+00:00,30,512786.5,0.00422774008936
15,1,2025-06-12 20:23:07.006236+00:00,35,512786.5,0.00422774008936
38,232,2025-02-08 18:45:13.155325+00:00,7,634386,0.00523028419104
38,259,2025-02-08 19:35:57.580391+00:00,32,634386,0.00523028419104
38,234,2025-02-03 22:57:40.703750+00:00,21,634386,0.00523028419104
38,239,2025-02-05 13:31:05.442207+00:00,12,634386,0.00523028419104
38,246,2025-02-06 17:05:35.638175+00:00,36,634386,0.00523028419104
38,242,2025-02-06 20:45:53.392306+00:00,15,634386,0.00523028419104
38,247,2025-02-08 19:21:12.037558+00:00,7,634386,0.00523028419104
38,256,2025-02-08 20:35:55.403015+00:00,18,634386,0.00523028419104
38,214,2025-02-03 14:59:35.715266+00:00,20,634386,0.00523028419104
38,169,2025-02-04 14:47:01.194719+00:00,14,634386,0.00523028419104
38,223,2025-02-07 11:33:42.784330+00:00,29,634386,0.00523028419104
38,258,2025-02-08 19:30:19.437608+00:00,18,634386,0.00523028419104
38,257,2025-02-08 19:39:00.744813+00:00,22,634386,0.00523028419104
38,237,2025-02-08 22:43:53.560762+00:00,38,634386,0.00523028419104
38,221,2025-02-08 17:01:56.117237+00:00,30,634386,0.00523028419104
38,219,2025-02-08 17:40:12.160526+00:00,31,634386,0.00523028419104
38,253,2025-02-08 19:31:53.409328+00:00,7,634386,0.00523028419104
38,226,2025-02-08 17:16:58.785223+00:00,18,634386,0.00523028419104
38,249,2025-02-08 18:54:38.417289+00:00,41,634386,0.00523028419104
38,236,2025-02-08 23:27:16.863150+00:00,41,634386,0.00523028419104
38,224,2025-02-06 10:15:14.370849+00:00,23,634386,0.00523028419104
38,243,2025-02-05 15:24:11.777847+00:00,21,634386,0.00523028419104
38,240,2025-02-08 23:37:20.549838+00:00,23,634386,0.00523028419104
38,241,2025-02-05 09:43:00.027134+00:00,32,634386,0.00523028419104
38,272,2025-02-08 23:43:12.604276+00:00,37,634386,0.00523028419104
38,216,2025-02-04 12:06:56.492198+00:00,39,634386,0.00523028419104
38,228,2025-02-05 18:25:53.848699+00:00,8,634386,0.00523028419104
38,254,2025-02-08 16:17:05.460967+00:00,26,634386,0.00523028419104
38,273,2025-02-08 23:34:01.216536+00:00,31,634386,0.00523028419104
38,235,2025-02-05 15:42:54.671732+00:00,27,634386,0.00523028419104
38,231,2025-02-03 18:44:04.234943+00:00,24,634386,0.00523028419104
38,248,2025-02-06 22:01:39.761326+00:00,14,634386,0.00523028419104
38,222,2025-02-04 09:55:37.212590+00:00,18,634386,0.00523028419104
38,260,2025-02-08 23:15:14.918949+00:00,30,634386,0.00523028419104
38,251,2025-02-08 23:47:37.430425+00:00,26,634386,0.00523028419104
38,264,2025-02-09 00:00:11.359164+00:00,29,634386,0.00523028419104
38,275,2025-02-09 00:06:16.039719+00:00,12,634386,0.00523028419104
38,229,2025-02-09 00:27:59.818557+00:00,29,634386,0.00523028419104
38,245,2025-02-09 02:52:15.896333+00:00,3,634386,0.00523028419104
38,230,2025-02-09 04:44:27.471678+00:00,24,634386,0.00523028419104
38,276,2025-02-09 04:46:36.854943+00:00,21,634386,0.00523028419104
38,277,2025-02-09 18:55:59.854981+00:00,17,634386,0.00523028419104
38,263,2025-02-09 19:10:30.730596+00:00,21,634386,0.00523028419104
38,252,2025-02-09 20:50:56.849126+00:00,17,634386,0.00523028419104
38,271,2025-02-09 21:59:41.696431+00:00,41,634386,0.00523028419104
38,268,2025-02-09 23:19:59.038801+00:00,16,634386,0.00523028419104
38,282,2025-02-09 23:41:46.064818+00:00,29,634386,0.00523028419104
38,262,2025-02-09 23:48:09.578334+00:00,17,634386,0.00523028419104
38,215,2025-02-10 11:40:49.296669+00:00,34,634386,0.00523028419104
38,283,2025-02-10 23:20:10.778090+00:00,5,634386,0.00523028419104
38,285,2025-03-05 00:50:10.820672+00:00,43,634386,0.00523028419104
38,284,2025-03-05 00:56:19.407431+00:00,0,634386,0.00523028419104
38,292,2025-03-19 11:27:09.473587+00:00,46,605412,0.00499140399168
38,296,2025-03-21 01:15:39.924300+00:00,14,634386,0.00523028419104
38,306,2025-03-21 01:30:49.325591+00:00,54,634386,0.00523028419104
38,303,2025-03-21 01:36:31.330674+00:00,43,634386,0.00523028419104
38,2,2025-03-26 22:22:30.320651+00:00,52,797606.5,0.00657597845416
38,1,2025-06-13 11:46:45.256434+00:00,44,634386,0.00523028419104
23,255,2025-02-08 19:03:08.381056+00:00,48,733620,0.0060484327968
23,217,2025-02-03 15:15:26.579285+00:00,36,733620,0.0060484327968
23,259,2025-02-08 19:03:31.830437+00:00,34,733620,0.0060484327968
23,241,2025-02-05 10:32:09.033510+00:00,36,733620,0.0060484327968
23,226,2025-02-08 16:46:57.769069+00:00,20,733620,0.0060484327968
23,222,2025-02-04 10:46:12.679694+00:00,23,733620,0.0060484327968
23,223,2025-02-07 11:28:48.415903+00:00,25,733620,0.0060484327968
23,219,2025-02-08 18:47:25.759020+00:00,36,733620,0.0060484327968
23,232,2025-02-08 18:23:49.921482+00:00,18,733620,0.0060484327968
23,261,2025-02-08 22:02:46.455722+00:00,31,733620,0.0060484327968
23,256,2025-02-08 20:57:39.375306+00:00,20,733620,0.0060484327968
23,253,2025-02-08 15:49:29.339800+00:00,5,733620,0.0060484327968
23,254,2025-02-08 15:50:53.462343+00:00,29,733620,0.0060484327968
23,246,2025-02-07 12:06:20.190651+00:00,42,733620,0.0060484327968
23,221,2025-02-08 17:14:10.057767+00:00,38,733620,0.0060484327968
23,269,2025-02-08 23:01:41.030490+00:00,24,733620,0.0060484327968
23,273,2025-02-08 23:19:46.801631+00:00,30,733620,0.0060484327968
23,248,2025-02-06 23:07:35.805425+00:00,31,733620,0.0060484327968
23,233,2025-02-08 11:17:59.927543+00:00,36,733620,0.0060484327968
23,247,2025-02-08 19:49:38.704949+00:00,17,733620,0.0060484327968
23,242,2025-02-06 21:00:30.173625+00:00,28,733620,0.0060484327968
23,235,2025-02-06 10:04:43.268122+00:00,34,733620,0.0060484327968
23,249,2025-02-08 18:37:38.182928+00:00,42,733620,0.0060484327968
23,243,2025-02-08 22:27:41.951256+00:00,32,733620,0.0060484327968
23,239,2025-02-05 11:59:06.743150+00:00,15,733620,0.0060484327968
23,228,2025-02-05 18:20:14.549893+00:00,8,733620,0.0060484327968
23,257,2025-02-08 18:40:15.406330+00:00,27,733620,0.0060484327968
23,169,2025-02-04 15:03:03.874145+00:00,27,733620,0.0060484327968
23,251,2025-02-08 23:31:48.413016+00:00,31,733620,0.0060484327968
23,260,2025-02-08 23:36:00.607397+00:00,22,733620,0.0060484327968
23,231,2025-02-03 18:42:01.807163+00:00,28,733620,0.0060484327968
23,265,2025-02-08 23:43:25.352832+00:00,28,733620,0.0060484327968
23,214,2025-02-03 15:13:21.056777+00:00,26,733620,0.0060484327968
23,272,2025-02-08 23:50:39.211511+00:00,32,733620,0.0060484327968
23,275,2025-02-09 00:11:11.847167+00:00,26,733620,0.0060484327968
23,276,2025-02-09 04:04:17.022639+00:00,24,733620,0.0060484327968
23,230,2025-02-09 04:30:12.417091+00:00,35,733620,0.0060484327968
23,229,2025-02-09 05:13:21.047011+00:00,50,733620,0.0060484327968
23,277,2025-02-09 16:30:59.550387+00:00,32,733620,0.0060484327968
23,271,2025-02-09 18:12:24.959259+00:00,54,733620,0.0060484327968
23,263,2025-02-09 19:39:21.380041+00:00,16,733620,0.0060484327968
23,280,2025-02-09 20:12:59.260204+00:00,18,733620,0.0060484327968
23,262,2025-02-09 23:08:23.767458+00:00,23,733620,0.0060484327968
23,268,2025-02-09 23:28:12.560387+00:00,19,733620,0.0060484327968
23,282,2025-02-09 23:46:48.913663+00:00,33,733620,0.0060484327968
23,279,2025-02-10 14:47:31.057446+00:00,22,733620,0.0060484327968
23,215,2025-02-10 16:17:03.487438+00:00,44,733620,0.0060484327968
23,283,2025-02-10 23:43:57.079664+00:00,6,733620,0.0060484327968
23,285,2025-03-05 00:32:34.906083+00:00,49,733620,0.0060484327968
23,284,2025-03-05 00:37:20.509224+00:00,52,733620,0.0060484327968
23,292,2025-03-19 11:19:54.867586+00:00,45,684938,0.00564706723232
23,2,2025-03-19 13:55:46.103359+00:00,50,750777,0.00618988608528
23,295,2025-03-21 01:31:20.079396+00:00,57,733620,0.0060484327968
23,182,2025-04-16 18:31:01.501628+00:00,37,733620,0.0060484327968
23,309,2025-04-28 18:54:42.111696+00:00,52,733620,0.0060484327968
23,1,2025-06-12 21:30:24.058459+00:00,52,733620,0.0060484327968
35,247,2025-02-08 19:18:43.948564+00:00,17,565086.5,0.00465893476136
35,241,2025-02-05 10:17:44.708976+00:00,27,565086.5,0.00465893476136
35,224,2025-02-07 19:23:10.307093+00:00,26,565086.5,0.00465893476136
35,251,2025-02-08 23:15:23.431394+00:00,19,565086.5,0.00465893476136
35,249,2025-02-07 21:50:31.410769+00:00,31,565086.5,0.00465893476136
35,217,2025-02-03 18:07:18.976219+00:00,33,565086.5,0.00465893476136
35,244,2025-02-05 18:33:27.017254+00:00,12,565086.5,0.00465893476136
35,246,2025-02-06 16:46:29.747436+00:00,39,565086.5,0.00465893476136
35,228,2025-02-05 18:36:29.197443+00:00,13,565086.5,0.00465893476136
35,219,2025-02-08 17:28:42.623363+00:00,26,565086.5,0.00465893476136
35,252,2025-02-07 20:06:18.518006+00:00,13,565086.5,0.00465893476136
35,211,2025-02-04 17:09:10.465538+00:00,38,565086.5,0.00465893476136
35,221,2025-02-08 16:56:13.526742+00:00,32,565086.5,0.00465893476136
35,239,2025-02-05 10:51:09.529182+00:00,25,565086.5,0.00465893476136
35,218,2025-02-05 16:45:34.809327+00:00,16,565086.5,0.00465893476136
35,233,2025-02-08 10:59:40.698757+00:00,17,565086.5,0.00465893476136
35,256,2025-02-08 20:34:49.866727+00:00,19,565086.5,0.00465893476136
35,258,2025-02-08 19:47:04.054899+00:00,17,565086.5,0.00465893476136
35,273,2025-02-08 23:16:14.359680+00:00,24,565086.5,0.00465893476136
35,274,2025-02-08 23:43:33.054485+00:00,25,565086.5,0.00465893476136
35,232,2025-02-06 20:58:07.993541+00:00,9,565086.5,0.00465893476136
35,267,2025-02-08 22:06:03.337510+00:00,22,565086.5,0.00465893476136
35,225,2025-02-07 16:17:53.992002+00:00,23,565086.5,0.00465893476136
35,269,2025-02-08 23:05:18.063086+00:00,23,565086.5,0.00465893476136
35,259,2025-02-08 19:14:14.379419+00:00,26,565086.5,0.00465893476136
35,270,2025-02-08 23:07:17.965197+00:00,23,565086.5,0.00465893476136
35,231,2025-02-03 18:31:44.238094+00:00,22,565086.5,0.00465893476136
35,248,2025-02-06 23:28:11.229086+00:00,22,565086.5,0.00465893476136
35,272,2025-02-08 23:31:43.085461+00:00,36,565086.5,0.00465893476136
35,257,2025-02-08 19:14:25.781072+00:00,22,565086.5,0.00465893476136
35,220,2025-02-07 13:29:16.626206+00:00,17,565086.5,0.00465893476136
35,254,2025-02-08 16:19:57.980902+00:00,20,565086.5,0.00465893476136
35,240,2025-02-08 23:14:43.160187+00:00,17,565086.5,0.00465893476136
35,226,2025-02-08 17:07:20.783580+00:00,24,565086.5,0.00465893476136
35,215,2025-02-03 15:13:10.661320+00:00,36,565086.5,0.00465893476136
35,214,2025-02-08 17:49:21.474549+00:00,24,565086.5,0.00465893476136
35,223,2025-02-07 11:55:22.851268+00:00,17,565086.5,0.00465893476136
35,264,2025-02-08 23:52:46.715937+00:00,23,565086.5,0.00465893476136
35,245,2025-02-09 02:55:22.123772+00:00,4,565086.5,0.00465893476136
35,275,2025-02-09 02:57:03.362040+00:00,7,565086.5,0.00465893476136
35,276,2025-02-09 04:50:48.310528+00:00,20,565086.5,0.00465893476136
35,230,2025-02-09 04:57:20.173640+00:00,20,565086.5,0.00465893476136
35,229,2025-02-09 05:31:17.355746+00:00,25,565086.5,0.00465893476136
35,277,2025-02-09 17:50:50.612142+00:00,19,565086.5,0.00465893476136
35,235,2025-02-09 20:22:10.095434+00:00,22,565086.5,0.00465893476136
35,262,2025-02-09 21:44:19.056283+00:00,26,565086.5,0.00465893476136
35,282,2025-02-09 23:45:17.588737+00:00,25,565086.5,0.00465893476136
35,268,2025-02-09 23:48:49.828423+00:00,10,565086.5,0.00465893476136
35,271,2025-02-10 00:21:45.443686+00:00,34,565086.5,0.00465893476136
35,278,2025-02-10 01:18:59.939679+00:00,31,565086.5,0.00465893476136
35,279,2025-02-10 14:32:48.879519+00:00,18,565086.5,0.00465893476136
35,283,2025-02-10 23:19:46.303259+00:00,4,565086.5,0.00465893476136
35,285,2025-03-05 00:45:27.096632+00:00,40,565086.5,0.00465893476136
35,284,2025-03-05 00:55:17.945922+00:00,0,565086.5,0.00465893476136
35,293,2025-03-21 01:19:22.861037+00:00,29,565086.5,0.00465893476136
35,300,2025-03-21 01:28:03.567533+00:00,44,565086.5,0.00465893476136
35,296,2025-03-21 01:30:10.015072+00:00,21,565086.5,0.00465893476136
35,2,2025-03-26 22:00:15.400099+00:00,34,589006.5,0.00485614655016
35,65,2025-04-17 20:41:53.841180+00:00,32,565086.5,0.00465893476136
35,310,2025-04-28 18:56:14.255065+00:00,16,565086.5,0.00465893476136
35,3,2025-04-28 19:35:51.486488+00:00,44,565086.5,0.00465893476136
35,1,2025-06-13 11:34:04.156496+00:00,35,565086.5,0.00465893476136
12,258,2025-02-08 19:26:46.465935+00:00,10,586719,0.00483728693616
12,249,2025-02-08 19:43:58.351725+00:00,27,586719,0.00483728693616
12,236,2025-02-05 13:21:21.119893+00:00,27,586719,0.00483728693616
12,248,2025-02-06 22:17:18.871834+00:00,12,586719,0.00483728693616
12,2,2025-02-03 11:49:19.943639+00:00,28,586719,0.00483728693616
12,274,2025-02-08 23:26:04.441477+00:00,17,586719,0.00483728693616
12,253,2025-02-08 16:40:35.103639+00:00,3,586719,0.00483728693616
12,219,2025-02-08 19:05:29.861760+00:00,20,586719,0.00483728693616
12,214,2025-02-03 14:44:32.947429+00:00,22,586719,0.00483728693616
12,218,2025-02-05 16:40:53.760407+00:00,17,586719,0.00483728693616
12,234,2025-02-03 23:05:49.852034+00:00,13,586719,0.00483728693616
12,211,2025-02-04 17:07:33.094314+00:00,24,586719,0.00483728693616
12,246,2025-02-07 12:03:16.800123+00:00,24,586719,0.00483728693616
12,242,2025-02-06 20:48:26.510612+00:00,12,586719,0.00483728693616
12,226,2025-02-08 17:13:56.791209+00:00,17,586719,0.00483728693616
12,257,2025-02-08 18:31:31.601833+00:00,8,586719,0.00483728693616
12,267,2025-02-08 22:04:14.161879+00:00,20,586719,0.00483728693616
12,231,2025-02-03 18:23:57.636656+00:00,16,586719,0.00483728693616
12,217,2025-02-04 08:56:24.313653+00:00,16,586719,0.00483728693616
12,272,2025-02-08 23:16:37.904339+00:00,19,586719,0.00483728693616
12,247,2025-02-08 19:23:01.667765+00:00,10,586719,0.00483728693616
12,260,2025-02-08 23:23:42.343773+00:00,20,586719,0.00483728693616
12,223,2025-02-07 11:40:55.700003+00:00,17,586719,0.00483728693616
12,239,2025-02-04 22:17:51.764169+00:00,17,586719,0.00483728693616
12,232,2025-02-06 21:19:17.108229+00:00,8,586719,0.00483728693616
12,251,2025-02-08 23:35:44.730558+00:00,18,586719,0.00483728693616
12,220,2025-02-07 13:26:28.243501+00:00,10,586719,0.00483728693616
12,228,2025-02-05 18:26:18.679178+00:00,4,586719,0.00483728693616
12,273,2025-02-08 23:18:15.834754+00:00,16,586719,0.00483728693616
12,256,2025-02-08 20:49:45.630912+00:00,14,586719,0.00483728693616
12,269,2025-02-08 23:09:18.274113+00:00,19,586719,0.00483728693616
12,243,2025-02-08 22:35:08.785592+00:00,20,586719,0.00483728693616
12,229,2025-02-08 23:46:47.908272+00:00,36,586719,0.00483728693616
12,240,2025-02-08 23:48:23.053010+00:00,18,586719,0.00483728693616
12,265,2025-02-08 23:58:26.052681+00:00,15,586719,0.00483728693616
12,275,2025-02-09 00:53:00.593477+00:00,2,586719,0.00483728693616
12,245,2025-02-09 03:25:09.185577+00:00,4,586719,0.00483728693616
12,230,2025-02-09 04:36:32.246590+00:00,23,586719,0.00483728693616
12,277,2025-02-09 17:54:08.844229+00:00,14,586719,0.00483728693616
12,263,2025-02-09 19:56:54.769782+00:00,14,586719,0.00483728693616
12,281,2025-02-09 22:24:15.923494+00:00,16,586719,0.00483728693616
12,262,2025-02-09 23:30:18.068378+00:00,9,586719,0.00483728693616
12,268,2025-02-09 23:37:51.390968+00:00,9,586719,0.00483728693616
12,282,2025-02-09 23:40:17.501905+00:00,19,586719,0.00483728693616
12,271,2025-02-10 00:15:17.031294+00:00,28,586719,0.00483728693616
12,279,2025-02-10 14:30:04.610875+00:00,13,586719,0.00483728693616
12,266,2025-02-10 17:29:13.667904+00:00,10,586719,0.00483728693616
12,283,2025-02-10 23:21:11.843413+00:00,5,586719,0.00483728693616
12,284,2025-03-05 00:38:31.784152+00:00,35,586719,0.00483728693616
12,290,2025-03-05 00:46:25.357730+00:00,23,586719,0.00483728693616
12,292,2025-03-19 11:16:37.498282+00:00,24,527226,0.00434678856864
12,294,2025-03-21 01:17:35.426383+00:00,25,586719,0.00483728693616
12,309,2025-04-28 18:56:27.532581+00:00,21,586719,0.00483728693616
12,3,2025-04-28 19:27:00.991240+00:00,34,586719,0.00483728693616
12,1,2025-06-12 16:27:36.123434+00:00,25,586719,0.00483728693616
2,256,2025-02-08 20:29:09.132035+00:00,15,607058.5,0.00500497879144
2,231,2025-02-03 18:56:34.845172+00:00,18,607058.5,0.00500497879144
2,214,2025-02-03 15:19:09.141819+00:00,16,607058.5,0.00500497879144
2,223,2025-02-07 11:27:07.121932+00:00,12,607058.5,0.00500497879144
2,221,2025-02-03 18:13:29.520980+00:00,24,607058.5,0.00500497879144
2,246,2025-02-07 12:02:31.703583+00:00,25,607058.5,0.00500497879144
2,255,2025-02-08 17:11:21.173449+00:00,31,607058.5,0.00500497879144
2,234,2025-02-03 23:13:21.160542+00:00,19,607058.5,0.00500497879144
2,269,2025-02-08 23:37:49.788962+00:00,20,607058.5,0.00500497879144
2,248,2025-02-06 23:04:14.815941+00:00,26,607058.5,0.00500497879144
2,249,2025-02-08 17:38:32.332622+00:00,26,607058.5,0.00500497879144
2,267,2025-02-08 21:51:20.179088+00:00,24,607058.5,0.00500497879144
2,258,2025-02-08 18:52:50.044079+00:00,12,607058.5,0.00500497879144
2,215,2025-02-03 15:28:58.131426+00:00,30,607058.5,0.00500497879144
2,233,2025-02-08 11:25:08.274690+00:00,24,607058.5,0.00500497879144
2,261,2025-02-08 19:52:52.821106+00:00,26,607058.5,0.00500497879144
2,251,2025-02-08 23:29:23.245012+00:00,22,607058.5,0.00500497879144
2,216,2025-02-04 11:59:08.042866+00:00,31,607058.5,0.00500497879144
2,232,2025-02-06 21:14:19.475204+00:00,8,607058.5,0.00500497879144
2,225,2025-02-07 16:47:30.894351+00:00,15,607058.5,0.00500497879144
2,219,2025-02-08 18:13:03.143472+00:00,25,607058.5,0.00500497879144
2,228,2025-02-05 18:21:59.932371+00:00,4,607058.5,0.00500497879144
2,217,2025-02-03 15:31:14.632636+00:00,25,607058.5,0.00500497879144
2,169,2025-02-04 15:11:56.813746+00:00,17,607058.5,0.00500497879144
2,264,2025-02-08 23:29:37.929768+00:00,20,607058.5,0.00500497879144
2,247,2025-02-08 19:25:02.656584+00:00,12,607058.5,0.00500497879144
2,272,2025-02-08 23:45:38.123330+00:00,33,607058.5,0.00500497879144
2,239,2025-02-05 12:34:22.137296+00:00,14,607058.5,0.00500497879144
2,242,2025-02-06 12:47:49.652540+00:00,18,607058.5,0.00500497879144
2,253,2025-02-08 16:28:52.006543+00:00,4,607058.5,0.00500497879144
2,273,2025-02-08 23:14:58.592050+00:00,23,607058.5,0.00500497879144
2,241,2025-02-05 10:03:08.982055+00:00,28,607058.5,0.00500497879144
2,220,2025-02-07 13:33:00.960854+00:00,9,607058.5,0.00500497879144
2,240,2025-02-08 23:50:04.466849+00:00,25,607058.5,0.00500497879144
2,270,2025-02-08 23:58:49.368699+00:00,20,607058.5,0.00500497879144
2,245,2025-02-09 01:39:54.830697+00:00,6,607058.5,0.00500497879144
2,275,2025-02-09 01:54:12.524220+00:00,8,607058.5,0.00500497879144
2,229,2025-02-09 02:56:59.249506+00:00,31,607058.5,0.00500497879144
2,230,2025-02-09 04:24:11.274844+00:00,24,607058.5,0.00500497879144
2,276,2025-02-09 04:51:37.484489+00:00,19,607058.5,0.00500497879144
2,277,2025-02-09 16:35:58.975734+00:00,20,607058.5,0.00500497879144
2,263,2025-02-09 20:08:21.823563+00:00,11,607058.5,0.00500497879144
2,262,2025-02-09 21:39:28.571682+00:00,11,607058.5,0.00500497879144
2,268,2025-02-09 23:46:32.539595+00:00,13,607058.5,0.00500497879144
2,282,2025-02-09 23:51:13.811341+00:00,17,607058.5,0.00500497879144
2,271,2025-02-10 01:25:54.779126+00:00,31,607058.5,0.00500497879144
2,266,2025-02-10 17:21:55.616953+00:00,13,607058.5,0.00500497879144
2,283,2025-02-10 23:48:06.181445+00:00,10,607058.5,0.00500497879144
2,284,2025-03-05 00:52:30.380654+00:00,31,607058.5,0.00500497879144
2,2,2025-03-12 11:36:44.273180+00:00,29,607058.5,0.00500497879144
2,292,2025-03-19 11:10:19.728244+00:00,31,561756,0.00463147598784
2,295,2025-03-21 01:13:36.632951+00:00,22,607058.5,0.00500497879144
2,294,2025-03-21 01:16:25.765775+00:00,33,607058.5,0.00500497879144
2,296,2025-03-21 01:18:46.943776+00:00,18,607058.5,0.00500497879144
2,300,2025-03-21 01:20:54.723178+00:00,24,607058.5,0.00500497879144
2,1,2025-04-02 20:27:08.637874+00:00,32,607058.5,0.00500497879144
2,65,2025-04-19 21:01:18.514017+00:00,30,607058.5,0.00500497879144
31,231,2025-02-03 18:49:26.514607+00:00,15,309732.5,0.0025536329588
31,273,2025-02-08 23:28:14.233211+00:00,15,309732.5,0.0025536329588
31,252,2025-02-08 18:45:53.823619+00:00,14,309732.5,0.0025536329588
31,243,2025-02-08 22:01:56.651303+00:00,13,309732.5,0.0025536329588
31,211,2025-02-04 16:59:37.073957+00:00,17,309732.5,0.0025536329588
31,248,2025-02-06 22:25:48.817843+00:00,13,309732.5,0.0025536329588
31,256,2025-02-08 20:32:45.740489+00:00,15,309732.5,0.0025536329588
31,241,2025-02-05 10:35:38.292098+00:00,19,309732.5,0.0025536329588
31,218,2025-02-05 16:41:51.194426+00:00,14,309732.5,0.0025536329588
31,232,2025-02-06 22:34:20.109472+00:00,4,309732.5,0.0025536329588
31,242,2025-02-06 20:43:45.919355+00:00,12,309732.5,0.0025536329588
31,270,2025-02-08 23:10:07.140156+00:00,15,309732.5,0.0025536329588
31,221,2025-02-08 16:57:51.589016+00:00,17,309732.5,0.0025536329588
31,247,2025-02-08 19:46:31.466885+00:00,13,309732.5,0.0025536329588
31,228,2025-02-04 18:21:27.075953+00:00,3,309732.5,0.0025536329588
31,234,2025-02-03 23:22:23.348232+00:00,13,309732.5,0.0025536329588
31,169,2025-02-04 14:47:38.832266+00:00,13,309732.5,0.0025536329588
31,223,2025-02-07 11:34:37.825665+00:00,11,309732.5,0.0025536329588
31,2,2025-02-03 15:05:13.032707+00:00,17,309732.5,0.0025536329588
31,260,2025-02-08 23:03:41.153123+00:00,18,309732.5,0.0025536329588
31,255,2025-02-08 18:10:21.461189+00:00,22,309732.5,0.0025536329588
31,220,2025-02-07 13:21:24.425708+00:00,12,309732.5,0.0025536329588
31,233,2025-02-08 11:23:37.141593+00:00,15,309732.5,0.0025536329588
31,258,2025-02-08 19:12:56.315423+00:00,11,309732.5,0.0025536329588
31,269,2025-02-08 23:38:44.463112+00:00,14,309732.5,0.0025536329588
31,267,2025-02-08 21:56:00.688756+00:00,17,309732.5,0.0025536329588
31,240,2025-02-08 23:43:42.381393+00:00,15,309732.5,0.0025536329588
31,216,2025-02-04 12:00:53.399429+00:00,20,309732.5,0.0025536329588
31,246,2025-02-07 12:09:42.749701+00:00,16,309732.5,0.0025536329588
31,222,2025-02-04 09:20:33.136613+00:00,16,309732.5,0.0025536329588
31,239,2025-02-04 22:22:36.590581+00:00,19,309732.5,0.0025536329588
31,225,2025-02-07 16:51:36.007612+00:00,11,309732.5,0.0025536329588
31,214,2025-02-08 17:48:09.325223+00:00,14,309732.5,0.0025536329588
31,251,2025-02-08 23:37:29.862307+00:00,17,309732.5,0.0025536329588
31,226,2025-02-08 17:22:59.190143+00:00,14,309732.5,0.0025536329588
31,219,2025-02-08 17:07:54.326751+00:00,15,309732.5,0.0025536329588
31,249,2025-02-08 20:07:57.054480+00:00,18,309732.5,0.0025536329588
31,265,2025-02-08 23:49:03.864447+00:00,10,309732.5,0.0025536329588
31,264,2025-02-08 23:58:22.182079+00:00,17,309732.5,0.0025536329588
31,275,2025-02-09 00:31:09.362826+00:00,12,309732.5,0.0025536329588
31,245,2025-02-09 02:57:16.156236+00:00,3,309732.5,0.0025536329588
31,276,2025-02-09 04:16:38.460918+00:00,14,309732.5,0.0025536329588
31,230,2025-02-09 04:25:07.636198+00:00,19,309732.5,0.0025536329588
31,277,2025-02-09 17:59:32.522268+00:00,15,309732.5,0.0025536329588
31,281,2025-02-09 22:01:49.195925+00:00,15,309732.5,0.0025536329588
31,262,2025-02-09 23:35:07.148479+00:00,9,309732.5,0.0025536329588
31,282,2025-02-09 23:47:52.422174+00:00,18,309732.5,0.0025536329588
31,268,2025-02-09 23:52:30.901456+00:00,4,309732.5,0.0025536329588
31,278,2025-02-10 00:58:33.860237+00:00,20,309732.5,0.0025536329588
31,271,2025-02-10 01:20:06.486997+00:00,18,309732.5,0.0025536329588
31,215,2025-02-10 11:38:13.241925+00:00,20,309732.5,0.0025536329588
31,283,2025-02-10 23:20:31.076935+00:00,5,309732.5,0.0025536329588
31,286,2025-03-05 00:41:01.971273+00:00,20,309732.5,0.0025536329588
31,284,2025-03-05 00:42:14.899769+00:00,22,309732.5,0.0025536329588
31,285,2025-03-05 00:45:59.611979+00:00,19,309732.5,0.0025536329588
31,290,2025-03-05 00:49:05.675237+00:00,17,309732.5,0.0025536329588
31,292,2025-03-19 11:23:13.649232+00:00,18,270047.5,0.0022264444204
31,299,2025-03-21 01:20:58.592032+00:00,17,309732.5,0.0025536329588
31,3,2025-04-28 18:56:38.822253+00:00,17,309732.5,0.0025536329588
31,1,2025-06-13 10:49:35.798628+00:00,19,309732.5,0.0025536329588
6,211,2025-02-04 16:50:22.659869+00:00,21,609905,0.0050284471592
6,244,2025-02-05 16:24:39.047063+00:00,13,609905,0.0050284471592
6,257,2025-02-08 19:27:43.695995+00:00,16,609905,0.0050284471592
6,248,2025-02-06 22:28:23.274382+00:00,14,609905,0.0050284471592
6,214,2025-02-03 15:21:02.298137+00:00,19,609905,0.0050284471592
6,233,2025-02-08 11:45:26.420187+00:00,19,609905,0.0050284471592
6,241,2025-02-05 10:37:28.288489+00:00,26,609905,0.0050284471592
6,256,2025-02-08 20:55:50.039200+00:00,17,609905,0.0050284471592
6,234,2025-02-03 23:10:39.562092+00:00,11,609905,0.0050284471592
6,259,2025-02-08 19:21:18.362182+00:00,25,609905,0.0050284471592
6,226,2025-02-08 16:59:38.855999+00:00,16,609905,0.0050284471592
6,219,2025-02-08 18:00:36.384509+00:00,24,609905,0.0050284471592
6,215,2025-02-03 15:26:01.358519+00:00,35,609905,0.0050284471592
6,218,2025-02-05 16:49:51.986071+00:00,17,609905,0.0050284471592
6,247,2025-02-08 19:21:45.372681+00:00,10,609905,0.0050284471592
6,269,2025-02-08 22:57:09.744551+00:00,17,609905,0.0050284471592
6,228,2025-02-04 18:23:41.885551+00:00,6,609905,0.0050284471592
6,239,2025-02-05 11:51:42.092913+00:00,20,609905,0.0050284471592
6,273,2025-02-08 23:28:58.215361+00:00,19,609905,0.0050284471592
6,264,2025-02-08 23:38:32.576650+00:00,19,609905,0.0050284471592
6,260,2025-02-08 23:40:06.050000+00:00,16,609905,0.0050284471592
6,220,2025-02-07 13:20:28.265959+00:00,18,609905,0.0050284471592
6,232,2025-02-08 17:42:06.733178+00:00,13,609905,0.0050284471592
6,258,2025-02-08 19:49:58.649930+00:00,17,609905,0.0050284471592
6,231,2025-02-03 18:29:17.799054+00:00,21,609905,0.0050284471592
6,251,2025-02-08 23:40:56.617013+00:00,23,609905,0.0050284471592
6,169,2025-02-04 15:01:05.634872+00:00,19,609905,0.0050284471592
6,246,2025-02-07 12:09:14.948525+00:00,29,609905,0.0050284471592
6,235,2025-02-05 15:14:26.495384+00:00,20,609905,0.0050284471592
6,236,2025-02-08 23:24:19.750655+00:00,30,609905,0.0050284471592
6,240,2025-02-08 23:44:19.411846+00:00,17,609905,0.0050284471592
6,223,2025-02-07 11:48:54.917382+00:00,18,609905,0.0050284471592
6,217,2025-02-03 15:32:57.823710+00:00,28,609905,0.0050284471592
6,265,2025-02-08 23:39:33.423160+00:00,16,609905,0.0050284471592
6,243,2025-02-08 22:00:04.232747+00:00,21,609905,0.0050284471592
6,222,2025-02-04 09:52:57.947015+00:00,18,609905,0.0050284471592
6,267,2025-02-08 21:34:02.600807+00:00,24,609905,0.0050284471592
6,275,2025-02-09 01:10:17.560300+00:00,5,609905,0.0050284471592
6,245,2025-02-09 03:06:00.625542+00:00,4,609905,0.0050284471592
6,276,2025-02-09 03:58:50.533997+00:00,18,609905,0.0050284471592
6,230,2025-02-09 04:46:04.419882+00:00,18,609905,0.0050284471592
6,277,2025-02-09 16:44:30.379311+00:00,20,609905,0.0050284471592
6,263,2025-02-09 19:35:25.072651+00:00,19,609905,0.0050284471592
6,280,2025-02-09 19:44:49.579565+00:00,11,609905,0.0050284471592
6,262,2025-02-09 23:29:17.022042+00:00,17,609905,0.0050284471592
6,268,2025-02-09 23:32:26.624338+00:00,10,609905,0.0050284471592
6,282,2025-02-09 23:37:33.835270+00:00,27,609905,0.0050284471592
6,271,2025-02-10 00:27:10.552036+00:00,29,609905,0.0050284471592
6,279,2025-02-10 14:40:21.885661+00:00,19,609905,0.0050284471592
6,266,2025-02-10 17:17:48.662864+00:00,11,609905,0.0050284471592
6,283,2025-02-10 23:18:58.570133+00:00,4,609905,0.0050284471592
6,3,2025-03-03 17:17:29.396821+00:00,31,609905,0.0050284471592
6,285,2025-03-05 00:47:10.961835+00:00,29,609905,0.0050284471592
6,289,2025-03-05 00:54:59.143592+00:00,27,609905,0.0050284471592
6,284,2025-03-05 00:56:05.032365+00:00,0,609905,0.0050284471592
6,2,2025-03-12 11:15:50.580166+00:00,27,594591.5,0.00490219286456
6,292,2025-03-19 11:12:51.481998+00:00,27,575764,0.00474696690496
6,294,2025-03-21 01:18:28.741073+00:00,30,609905,0.0050284471592
6,293,2025-03-21 01:23:06.761342+00:00,31,609905,0.0050284471592
6,296,2025-03-21 01:32:17.353953+00:00,21,609905,0.0050284471592
6,1,2025-06-12 08:22:29.179583+00:00,28,609905,0.0050284471592
28,228,2025-02-05 18:31:01.908897+00:00,4,993064,0.00818745517696
28,225,2025-02-04 12:24:17.505034+00:00,15,993064,0.00818745517696
28,218,2025-02-05 16:35:26.249376+00:00,14,993064,0.00818745517696
28,217,2025-02-03 18:06:14.396072+00:00,15,993064,0.00818745517696
28,241,2025-02-05 10:33:59.388797+00:00,17,993064,0.00818745517696
28,252,2025-02-08 18:47:15.754885+00:00,11,993064,0.00818745517696
28,248,2025-02-06 22:35:21.165826+00:00,12,993064,0.00818745517696
28,215,2025-02-03 15:22:25.621738+00:00,25,993064,0.00818745517696
28,246,2025-02-07 11:30:45.831007+00:00,18,993064,0.00818745517696
28,267,2025-02-08 21:16:22.137164+00:00,19,993064,0.00818745517696
28,270,2025-02-08 23:01:31.122885+00:00,21,993064,0.00818745517696
28,233,2025-02-08 11:06:45.448195+00:00,12,993064,0.00818745517696
28,242,2025-02-06 20:57:04.744239+00:00,13,993064,0.00818745517696
28,256,2025-02-08 21:01:54.387344+00:00,13,993064,0.00818745517696
28,231,2025-02-03 19:08:17.149754+00:00,14,993064,0.00818745517696
28,273,2025-02-08 23:12:13.808207+00:00,15,993064,0.00818745517696
28,255,2025-02-08 18:53:38.421840+00:00,25,993064,0.00818745517696
28,232,2025-02-06 21:10:05.611358+00:00,4,993064,0.00818745517696
28,253,2025-02-08 16:02:29.975564+00:00,2,993064,0.00818745517696
28,224,2025-02-06 10:18:09.701938+00:00,14,993064,0.00818745517696
28,236,2025-02-08 23:17:48.420812+00:00,18,993064,0.00818745517696
28,272,2025-02-08 23:41:23.342673+00:00,23,993064,0.00818745517696
28,249,2025-02-08 19:58:06.474874+00:00,21,993064,0.00818745517696
28,269,2025-02-08 22:58:34.563770+00:00,15,993064,0.00818745517696
28,239,2025-02-05 12:31:41.451167+00:00,7,993064,0.00818745517696
28,214,2025-02-03 15:11:28.723874+00:00,9,993064,0.00818745517696
28,222,2025-02-04 09:50:19.989565+00:00,8,993064,0.00818745517696
28,235,2025-02-05 15:38:49.622016+00:00,20,993064,0.00818745517696
28,261,2025-02-08 21:28:32.685217+00:00,18,993064,0.00818745517696
28,264,2025-02-08 23:34:08.682062+00:00,14,993064,0.00818745517696
28,240,2025-02-08 23:43:19.053902+00:00,20,993064,0.00818745517696
28,223,2025-02-07 11:53:36.583550+00:00,10,993064,0.00818745517696
28,265,2025-02-08 23:53:30.336183+00:00,13,993064,0.00818745517696
28,229,2025-02-09 00:00:04.115091+00:00,26,993064,0.00818745517696
28,275,2025-02-09 00:43:55.978651+00:00,5,993064,0.00818745517696
28,245,2025-02-09 02:10:03.103655+00:00,2,993064,0.00818745517696
28,230,2025-02-09 04:05:47.908792+00:00,24,993064,0.00818745517696
28,277,2025-02-09 16:38:12.826608+00:00,17,993064,0.00818745517696
28,262,2025-02-09 18:51:54.534933+00:00,7,993064,0.00818745517696
28,271,2025-02-09 20:55:54.468613+00:00,23,993064,0.00818745517696
28,281,2025-02-09 22:58:38.899350+00:00,12,993064,0.00818745517696
28,268,2025-02-09 23:34:48.326015+00:00,4,993064,0.00818745517696
28,282,2025-02-09 23:51:56.136348+00:00,18,993064,0.00818745517696
28,283,2025-02-10 23:48:24.477249+00:00,8,993064,0.00818745517696
28,290,2025-03-05 00:49:39.897120+00:00,11,993064,0.00818745517696
28,284,2025-03-05 00:55:21.596856+00:00,0,993064,0.00818745517696
28,292,2025-03-19 11:22:05.244113+00:00,18,839257,0.00691937183248
28,301,2025-03-21 01:14:58.827623+00:00,18,993064,0.00818745517696
28,294,2025-03-21 01:17:04.759814+00:00,27,993064,0.00818745517696
28,2,2025-03-26 20:37:14.555178+00:00,18,927587,0.00764762088368
28,1,2025-06-13 08:38:54.913064+00:00,18,993064,0.00818745517696
1,246,2025-02-06 16:31:02.296113+00:00,9,417883,0.00344529489712
1,233,2025-02-03 22:50:25.946270+00:00,3,417883,0.00344529489712
1,223,2025-02-07 11:24:17.965927+00:00,6,417883,0.00344529489712
1,214,2025-02-03 14:32:00.732849+00:00,10,417883,0.00344529489712
1,242,2025-02-05 13:27:36.008335+00:00,6,417883,0.00344529489712
1,253,2025-02-08 19:27:56.740809+00:00,1,417883,0.00344529489712
1,234,2025-02-03 23:00:58.771849+00:00,5,417883,0.00344529489712
1,169,2025-02-03 19:02:29.683215+00:00,7,417883,0.00344529489712
1,218,2025-02-05 16:44:11.600718+00:00,9,417883,0.00344529489712
1,252,2025-02-08 18:48:25.174906+00:00,4,417883,0.00344529489712
1,231,2025-02-03 19:03:57.711336+00:00,9,417883,0.00344529489712
1,259,2025-02-08 19:29:20.403626+00:00,10,417883,0.00344529489712
1,216,2025-02-04 11:43:59.921946+00:00,8,417883,0.00344529489712
1,254,2025-02-08 15:53:08.464093+00:00,9,417883,0.00344529489712
1,258,2025-02-08 19:10:01.582630+00:00,5,417883,0.00344529489712
1,247,2025-02-08 19:22:08.270503+00:00,5,417883,0.00344529489712
1,265,2025-02-08 23:37:00.636203+00:00,8,417883,0.00344529489712
1,211,2025-02-03 15:05:15.047263+00:00,18,417883,0.00344529489712
1,222,2025-02-03 15:27:31.100795+00:00,9,417883,0.00344529489712
1,217,2025-02-03 15:28:11.255568+00:00,11,417883,0.00344529489712
1,251,2025-02-08 23:27:05.335198+00:00,7,417883,0.00344529489712
1,221,2025-02-08 17:03:14.470709+00:00,3,417883,0.00344529489712
1,239,2025-02-04 22:15:58.936941+00:00,10,417883,0.00344529489712
1,249,2025-02-07 20:44:30.631499+00:00,7,417883,0.00344529489712
1,232,2025-02-08 18:11:57.218460+00:00,4,417883,0.00344529489712
1,225,2025-02-04 11:58:23.718398+00:00,11,417883,0.00344529489712
1,270,2025-02-08 23:31:42.590505+00:00,5,417883,0.00344529489712
1,248,2025-02-06 23:28:52.221768+00:00,7,417883,0.00344529489712
1,215,2025-02-03 15:30:54.343286+00:00,10,417883,0.00344529489712
1,269,2025-02-08 23:07:46.529381+00:00,7,417883,0.00344529489712
1,256,2025-02-08 21:10:37.103130+00:00,9,417883,0.00344529489712
1,273,2025-02-08 22:58:45.879053+00:00,8,417883,0.00344529489712
1,241,2025-02-05 09:50:10.097764+00:00,7,417883,0.00344529489712
1,264,2025-02-08 23:18:18.415561+00:00,7,417883,0.00344529489712
1,274,2025-02-08 23:46:34.125381+00:00,8,417883,0.00344529489712
1,220,2025-02-07 13:32:20.142117+00:00,6,417883,0.00344529489712
1,235,2025-02-07 17:19:00.591967+00:00,8,417883,0.00344529489712
1,261,2025-02-08 22:00:20.544478+00:00,6,417883,0.00344529489712
1,240,2025-02-08 23:49:07.247446+00:00,9,417883,0.00344529489712
1,236,2025-02-08 23:50:41.690984+00:00,9,417883,0.00344529489712
1,275,2025-02-08 23:58:49.684305+00:00,4,417883,0.00344529489712
1,229,2025-02-09 00:38:09.803468+00:00,8,417883,0.00344529489712
1,245,2025-02-09 02:58:49.589579+00:00,1,417883,0.00344529489712
1,276,2025-02-09 03:48:26.563441+00:00,12,417883,0.00344529489712
1,230,2025-02-09 04:54:49.870214+00:00,8,417883,0.00344529489712
1,277,2025-02-09 18:40:46.631259+00:00,8,417883,0.00344529489712
1,262,2025-02-09 23:20:41.322690+00:00,6,417883,0.00344529489712
1,282,2025-02-09 23:50:49.738238+00:00,9,417883,0.00344529489712
1,268,2025-02-10 00:03:44.737895+00:00,2,417883,0.00344529489712
1,278,2025-02-10 00:59:43.731647+00:00,11,417883,0.00344529489712
1,271,2025-02-10 02:06:40.869966+00:00,9,417883,0.00344529489712
1,283,2025-02-10 23:33:23.460510+00:00,3,417883,0.00344529489712
1,286,2025-03-05 00:54:53.559795+00:00,10,417883,0.00344529489712
1,284,2025-03-05 00:55:34.975956+00:00,0,417883,0.00344529489712
1,287,2025-03-05 00:56:28.236623+00:00,8,417883,0.00344529489712
1,292,2025-03-19 11:08:27.614380+00:00,8,361349,0.00297919241936
1,304,2025-03-21 01:28:39.916005+00:00,9,417883,0.00344529489712
1,300,2025-03-21 01:29:44.412633+00:00,14,417883,0.00344529489712
1,2,2025-03-12 11:30:25.831519+00:00,7,417883,0.00344529489712
1,1,2025-04-02 20:27:04.126155+00:00,9,417883,0.00344529489712
26,248,2025-02-06 22:08:55.180017+00:00,16,590742.5,0.0048704592452
26,214,2025-02-03 15:16:24.317787+00:00,21,590742.5,0.0048704592452
26,215,2025-02-03 16:28:01.642607+00:00,48,590742.5,0.0048704592452
26,225,2025-02-04 12:35:59.393807+00:00,35,590742.5,0.0048704592452
26,273,2025-02-08 23:00:09.235264+00:00,14,590742.5,0.0048704592452
26,222,2025-02-03 15:19:57.615221+00:00,26,590742.5,0.0048704592452
26,211,2025-02-04 17:06:04.882403+00:00,35,590742.5,0.0048704592452
26,220,2025-02-07 13:40:54.768700+00:00,19,590742.5,0.0048704592452
26,223,2025-02-07 11:30:29.425970+00:00,17,590742.5,0.0048704592452
26,254,2025-02-08 15:33:29.463082+00:00,35,590742.5,0.0048704592452
26,226,2025-02-08 17:30:32.537424+00:00,20,590742.5,0.0048704592452
26,242,2025-02-06 20:51:25.092938+00:00,19,590742.5,0.0048704592452
26,246,2025-02-07 11:32:12.534714+00:00,42,590742.5,0.0048704592452
26,239,2025-02-05 13:37:09.405347+00:00,6,590742.5,0.0048704592452
26,235,2025-02-04 14:47:13.696924+00:00,34,590742.5,0.0048704592452
26,249,2025-02-08 19:37:31.467032+00:00,40,590742.5,0.0048704592452
26,269,2025-02-08 22:43:42.532190+00:00,16,590742.5,0.0048704592452
26,224,2025-02-05 20:55:44.223136+00:00,31,590742.5,0.0048704592452
26,267,2025-02-08 21:47:41.415561+00:00,32,590742.5,0.0048704592452
26,243,2025-02-08 22:05:39.810637+00:00,25,590742.5,0.0048704592452
26,247,2025-02-08 19:39:09.452509+00:00,15,590742.5,0.0048704592452
26,217,2025-02-04 08:58:18.982519+00:00,29,590742.5,0.0048704592452
26,251,2025-02-08 23:43:11.895574+00:00,30,590742.5,0.0048704592452
26,260,2025-02-08 23:33:57.567102+00:00,22,590742.5,0.0048704592452
26,232,2025-02-08 18:15:24.727468+00:00,10,590742.5,0.0048704592452
26,219,2025-02-08 18:43:33.037278+00:00,28,590742.5,0.0048704592452
26,259,2025-02-08 18:57:58.647976+00:00,35,590742.5,0.0048704592452
26,240,2025-02-08 23:18:15.600174+00:00,13,590742.5,0.0048704592452
26,257,2025-02-08 18:43:41.357647+00:00,20,590742.5,0.0048704592452
26,228,2025-02-05 18:28:19.687263+00:00,6,590742.5,0.0048704592452
26,233,2025-02-08 11:35:19.502468+00:00,24,590742.5,0.0048704592452
26,169,2025-02-04 15:17:45.547091+00:00,31,590742.5,0.0048704592452
26,231,2025-02-03 18:47:26.573777+00:00,25,590742.5,0.0048704592452
26,255,2025-02-08 18:17:59.621407+00:00,57,590742.5,0.0048704592452
26,256,2025-02-08 21:11:28.792920+00:00,12,590742.5,0.0048704592452
26,275,2025-02-09 00:28:32.207060+00:00,18,590742.5,0.0048704592452
26,245,2025-02-09 00:59:31.648100+00:00,7,590742.5,0.0048704592452
26,229,2025-02-09 02:05:08.414696+00:00,41,590742.5,0.0048704592452
26,276,2025-02-09 04:22:30.935415+00:00,18,590742.5,0.0048704592452
26,230,2025-02-09 05:03:34.036871+00:00,17,590742.5,0.0048704592452
26,277,2025-02-09 16:49:43.116733+00:00,27,590742.5,0.0048704592452
26,252,2025-02-09 20:51:35.034547+00:00,20,590742.5,0.0048704592452
26,262,2025-02-09 23:03:08.544652+00:00,27,590742.5,0.0048704592452
26,282,2025-02-09 23:42:46.946903+00:00,29,590742.5,0.0048704592452
26,268,2025-02-09 23:56:38.986780+00:00,6,590742.5,0.0048704592452
26,271,2025-02-10 01:46:41.798420+00:00,47,590742.5,0.0048704592452
26,279,2025-02-10 14:45:19.027545+00:00,21,590742.5,0.0048704592452
26,283,2025-02-10 23:47:08.364869+00:00,10,590742.5,0.0048704592452
26,284,2025-03-05 00:39:44.071772+00:00,51,590742.5,0.0048704592452
26,290,2025-03-05 00:42:54.566122+00:00,46,590742.5,0.0048704592452
26,2,2025-03-19 17:14:03.492899+00:00,52,579184,0.00477516357376
26,302,2025-03-21 01:18:50.995320+00:00,49,590742.5,0.0048704592452
26,308,2025-04-28 18:50:51.562119+00:00,29,590742.5,0.0048704592452
26,309,2025-04-28 19:01:25.624734+00:00,30,590742.5,0.0048704592452
26,1,2025-06-12 21:45:12.863177+00:00,29,590742.5,0.0048704592452
24,223,2025-02-07 11:56:47.656963+00:00,13,518646,0.00427604955744
24,260,2025-02-08 23:18:34.624156+00:00,14,518646,0.00427604955744
24,248,2025-02-06 22:21:16.412520+00:00,13,518646,0.00427604955744
24,214,2025-02-03 14:34:53.295730+00:00,16,518646,0.00427604955744
24,224,2025-02-07 19:29:20.367070+00:00,17,518646,0.00427604955744
24,219,2025-02-08 18:20:31.121790+00:00,16,518646,0.00427604955744
24,234,2025-02-03 22:59:34.449593+00:00,13,518646,0.00427604955744
24,217,2025-02-04 10:36:31.756574+00:00,18,518646,0.00427604955744
24,233,2025-02-08 11:44:20.086954+00:00,13,518646,0.00427604955744
24,220,2025-02-07 13:41:21.746282+00:00,8,518646,0.00427604955744
24,169,2025-02-04 14:45:17.000611+00:00,9,518646,0.00427604955744
24,231,2025-02-03 18:19:36.406069+00:00,13,518646,0.00427604955744
24,236,2025-02-08 22:04:19.700707+00:00,14,518646,0.00427604955744
24,256,2025-02-08 20:40:21.400076+00:00,9,518646,0.00427604955744
24,274,2025-02-08 23:42:05.680385+00:00,15,518646,0.00427604955744
24,273,2025-02-08 23:16:53.704135+00:00,13,518646,0.00427604955744
24,232,2025-02-06 21:11:11.213198+00:00,5,518646,0.00427604955744
24,267,2025-02-08 22:28:27.070973+00:00,15,518646,0.00427604955744
24,239,2025-02-05 12:28:53.337210+00:00,6,518646,0.00427604955744
24,247,2025-02-08 19:41:53.002929+00:00,9,518646,0.00427604955744
24,269,2025-02-08 23:31:57.338144+00:00,14,518646,0.00427604955744
24,221,2025-02-03 18:38:27.879022+00:00,15,518646,0.00427604955744
24,272,2025-02-08 23:27:47.731239+00:00,23,518646,0.00427604955744
24,240,2025-02-08 23:29:40.055862+00:00,11,518646,0.00427604955744
24,228,2025-02-05 18:28:52.799609+00:00,4,518646,0.00427604955744
24,270,2025-02-08 23:46:07.261224+00:00,16,518646,0.00427604955744
24,215,2025-02-03 15:37:25.695190+00:00,19,518646,0.00427604955744
24,246,2025-02-06 16:25:02.195320+00:00,17,518646,0.00427604955744
24,253,2025-02-08 19:35:40.702202+00:00,2,518646,0.00427604955744
24,265,2025-02-08 23:47:40.703287+00:00,10,518646,0.00427604955744
24,264,2025-02-08 23:51:02.266379+00:00,16,518646,0.00427604955744
24,245,2025-02-09 01:34:09.289263+00:00,5,518646,0.00427604955744
24,229,2025-02-09 02:12:07.952115+00:00,22,518646,0.00427604955744
24,275,2025-02-09 02:53:57.513953+00:00,9,518646,0.00427604955744
24,230,2025-02-09 04:18:49.969741+00:00,20,518646,0.00427604955744
24,277,2025-02-09 16:47:35.212367+00:00,13,518646,0.00427604955744
24,279,2025-02-09 19:00:26.575057+00:00,10,518646,0.00427604955744
24,280,2025-02-09 19:39:59.042904+00:00,8,518646,0.00427604955744
24,263,2025-02-09 20:08:50.046667+00:00,5,518646,0.00427604955744
24,271,2025-02-09 20:36:03.559448+00:00,28,518646,0.00427604955744
24,262,2025-02-09 23:01:32.894998+00:00,7,518646,0.00427604955744
24,281,2025-02-09 23:12:51.554801+00:00,12,518646,0.00427604955744
24,282,2025-02-09 23:41:06.782411+00:00,14,518646,0.00427604955744
24,268,2025-02-09 23:58:21.360408+00:00,6,518646,0.00427604955744
24,283,2025-02-10 23:24:15.898477+00:00,6,518646,0.00427604955744
24,291,2025-03-05 00:52:31.292763+00:00,15,518646,0.00427604955744
24,290,2025-03-05 00:53:59.395019+00:00,25,518646,0.00427604955744
24,284,2025-03-05 00:56:15.567433+00:00,0,518646,0.00427604955744
24,293,2025-03-21 01:17:10.586329+00:00,11,518646,0.00427604955744
24,301,2025-03-21 01:17:50.642784+00:00,17,518646,0.00427604955744
24,298,2025-03-21 01:30:53.888630+00:00,32,518646,0.00427604955744
24,2,2025-03-26 20:32:33.529531+00:00,41,826307.5,0.0068126078668
24,3,2025-05-19 10:42:31.445991+00:00,17,518646,0.00427604955744
24,1,2025-06-12 21:33:46.690939+00:00,16,518646,0.00427604955744
41,211,2025-02-04 16:51:26.236176+00:00,10,291182.5,0.0024006948868
41,226,2025-02-08 16:40:07.694397+00:00,6,291182.5,0.0024006948868
41,241,2025-02-05 10:25:34.969073+00:00,10,291182.5,0.0024006948868
41,273,2025-02-08 23:15:28.330878+00:00,8,291182.5,0.0024006948868
41,214,2025-02-03 14:37:39.351495+00:00,8,291182.5,0.0024006948868
41,244,2025-02-05 18:33:43.425021+00:00,5,291182.5,0.0024006948868
41,220,2025-02-07 13:39:41.507416+00:00,7,291182.5,0.0024006948868
41,221,2025-02-08 16:54:08.747460+00:00,9,291182.5,0.0024006948868
41,240,2025-02-08 23:28:39.166140+00:00,7,291182.5,0.0024006948868
41,231,2025-02-03 18:16:29.786461+00:00,8,291182.5,0.0024006948868
41,169,2025-02-04 14:44:36.319083+00:00,8,291182.5,0.0024006948868
41,247,2025-02-08 19:45:31.853396+00:00,8,291182.5,0.0024006948868
41,261,2025-02-08 22:03:47.763021+00:00,8,291182.5,0.0024006948868
41,251,2025-02-08 23:36:27.741949+00:00,9,291182.5,0.0024006948868
41,239,2025-02-05 11:03:56.774784+00:00,8,291182.5,0.0024006948868
41,253,2025-02-08 15:57:46.447343+00:00,1,291182.5,0.0024006948868
41,256,2025-02-08 20:41:22.550201+00:00,6,291182.5,0.0024006948868
41,217,2025-02-04 09:00:13.011669+00:00,10,291182.5,0.0024006948868
41,249,2025-02-08 17:17:31.029606+00:00,10,291182.5,0.0024006948868
41,274,2025-02-08 23:17:47.800149+00:00,4,291182.5,0.0024006948868
41,216,2025-02-04 12:03:55.362103+00:00,11,291182.5,0.0024006948868
41,232,2025-02-06 21:22:30.303024+00:00,4,291182.5,0.0024006948868
41,219,2025-02-08 17:46:37.993752+00:00,8,291182.5,0.0024006948868
41,246,2025-02-06 12:43:22.898104+00:00,10,291182.5,0.0024006948868
41,264,2025-02-08 23:31:59.952605+00:00,12,291182.5,0.0024006948868
41,223,2025-02-07 11:52:53.243608+00:00,6,291182.5,0.0024006948868
41,248,2025-02-06 22:03:57.344536+00:00,5,291182.5,0.0024006948868
41,233,2025-02-08 11:36:05.223578+00:00,8,291182.5,0.0024006948868
41,243,2025-02-08 22:32:36.886660+00:00,10,291182.5,0.0024006948868
41,270,2025-02-08 23:54:56.971040+00:00,8,291182.5,0.0024006948868
41,236,2025-02-08 23:58:19.449693+00:00,9,291182.5,0.0024006948868
41,275,2025-02-09 00:08:38.264800+00:00,7,291182.5,0.0024006948868
41,245,2025-02-09 01:36:09.068393+00:00,1,291182.5,0.0024006948868
41,276,2025-02-09 02:57:28.145845+00:00,8,291182.5,0.0024006948868
41,230,2025-02-09 04:47:15.576821+00:00,9,291182.5,0.0024006948868
41,278,2025-02-09 15:49:16.819774+00:00,9,291182.5,0.0024006948868
41,277,2025-02-09 16:40:03.778784+00:00,8,291182.5,0.0024006948868
41,263,2025-02-09 20:03:47.067085+00:00,7,291182.5,0.0024006948868
41,280,2025-02-09 20:25:15.075978+00:00,3,291182.5,0.0024006948868
41,262,2025-02-09 23:24:41.616735+00:00,7,291182.5,0.0024006948868
41,282,2025-02-09 23:43:45.955279+00:00,8,291182.5,0.0024006948868
41,268,2025-02-09 23:52:58.837445+00:00,4,291182.5,0.0024006948868
41,271,2025-02-10 01:16:08.597661+00:00,11,291182.5,0.0024006948868
41,279,2025-02-10 14:36:31.626090+00:00,5,291182.5,0.0024006948868
41,215,2025-02-10 15:23:36.026216+00:00,10,291182.5,0.0024006948868
41,283,2025-02-10 23:28:06.115853+00:00,5,291182.5,0.0024006948868
41,290,2025-03-05 00:45:11.745488+00:00,10,291182.5,0.0024006948868
41,284,2025-03-05 00:55:51.078776+00:00,0,291182.5,0.0024006948868
41,292,2025-03-19 11:28:42.852717+00:00,13,307733.5,0.00253715192344
41,296,2025-03-21 01:19:36.134710+00:00,7,291182.5,0.0024006948868
41,302,2025-03-21 01:36:13.170506+00:00,17,291182.5,0.0024006948868
41,2,2025-03-26 23:30:47.079048+00:00,14,303119,0.00249910703216
41,65,2025-04-18 05:58:40.801385+00:00,12,291182.5,0.0024006948868
41,1,2025-06-13 11:55:24.915934+00:00,10,291182.5,0.0024006948868
4,246,2025-02-06 16:33:02.199057+00:00,10,905430.5,0.00746494851752
4,234,2025-02-03 22:53:05.881873+00:00,7,905430.5,0.00746494851752
4,256,2025-02-08 21:12:10.667352+00:00,7,905430.5,0.00746494851752
4,211,2025-02-04 17:00:43.784000+00:00,8,905430.5,0.00746494851752
4,233,2025-02-08 10:47:47.790671+00:00,6,905430.5,0.00746494851752
4,273,2025-02-08 23:00:45.771543+00:00,7,905430.5,0.00746494851752
4,214,2025-02-03 14:57:01.918757+00:00,7,905430.5,0.00746494851752
4,219,2025-02-08 19:06:55.909319+00:00,13,905430.5,0.00746494851752
4,169,2025-02-03 19:03:13.424555+00:00,9,905430.5,0.00746494851752
4,218,2025-02-05 16:46:28.447235+00:00,9,905430.5,0.00746494851752
4,223,2025-02-07 11:31:15.615611+00:00,9,905430.5,0.00746494851752
4,258,2025-02-08 19:07:16.145559+00:00,4,905430.5,0.00746494851752
4,252,2025-02-07 20:10:12.466540+00:00,3,905430.5,0.00746494851752
4,255,2025-02-08 17:35:15.672079+00:00,18,905430.5,0.00746494851752
4,244,2025-02-05 18:48:45.962700+00:00,4,905430.5,0.00746494851752
4,220,2025-02-07 13:14:25.540386+00:00,7,905430.5,0.00746494851752
4,239,2025-02-05 11:02:58.352563+00:00,5,905430.5,0.00746494851752
4,221,2025-02-08 17:14:33.983141+00:00,8,905430.5,0.00746494851752
4,260,2025-02-08 23:01:55.425886+00:00,12,905430.5,0.00746494851752
4,240,2025-02-08 23:42:00.145720+00:00,7,905430.5,0.00746494851752
4,222,2025-02-03 15:26:11.817973+00:00,10,905430.5,0.00746494851752
4,274,2025-02-08 23:16:26.819154+00:00,8,905430.5,0.00746494851752
4,231,2025-02-03 19:09:02.461623+00:00,9,905430.5,0.00746494851752
4,247,2025-02-08 19:22:32.711653+00:00,5,905430.5,0.00746494851752
4,269,2025-02-08 23:34:52.525091+00:00,9,905430.5,0.00746494851752
4,225,2025-02-04 11:54:31.930491+00:00,11,905430.5,0.00746494851752
4,253,2025-02-08 19:23:38.151146+00:00,2,905430.5,0.00746494851752
4,235,2025-02-07 16:22:13.195772+00:00,8,905430.5,0.00746494851752
4,217,2025-02-03 15:30:12.191087+00:00,11,905430.5,0.00746494851752
4,272,2025-02-08 23:07:35.008359+00:00,7,905430.5,0.00746494851752
4,224,2025-02-06 10:24:57.789767+00:00,10,905430.5,0.00746494851752
4,267,2025-02-08 21:09:15.760674+00:00,13,905430.5,0.00746494851752
4,232,2025-02-06 21:23:09.312347+00:00,2,905430.5,0.00746494851752
4,251,2025-02-08 23:27:40.377476+00:00,6,905430.5,0.00746494851752
4,257,2025-02-08 19:41:54.227023+00:00,6,905430.5,0.00746494851752
4,215,2025-02-03 15:11:56.368543+00:00,9,905430.5,0.00746494851752
4,242,2025-02-05 13:13:17.301901+00:00,9,905430.5,0.00746494851752
4,249,2025-02-08 18:44:44.562930+00:00,14,905430.5,0.00746494851752
4,248,2025-02-06 23:42:51.209840+00:00,6,905430.5,0.00746494851752
4,270,2025-02-08 23:48:48.055939+00:00,11,905430.5,0.00746494851752
4,275,2025-02-09 00:14:28.642348+00:00,2,905430.5,0.00746494851752
4,229,2025-02-09 01:01:11.648905+00:00,11,905430.5,0.00746494851752
4,245,2025-02-09 03:26:16.537017+00:00,3,905430.5,0.00746494851752
4,230,2025-02-09 03:53:11.000771+00:00,13,905430.5,0.00746494851752
4,277,2025-02-09 18:43:02.237685+00:00,9,905430.5,0.00746494851752
4,280,2025-02-09 20:01:29.730873+00:00,5,905430.5,0.00746494851752
4,262,2025-02-09 21:32:17.282966+00:00,4,905430.5,0.00746494851752
4,268,2025-02-09 23:33:34.320466+00:00,3,905430.5,0.00746494851752
4,282,2025-02-09 23:40:36.541533+00:00,10,905430.5,0.00746494851752
4,271,2025-02-10 00:32:54.923081+00:00,16,905430.5,0.00746494851752
4,278,2025-02-10 01:17:20.048714+00:00,9,905430.5,0.00746494851752
4,283,2025-02-10 23:50:24.580848+00:00,0,905430.5,0.00746494851752
4,54,2025-03-05 00:36:55.442444+00:00,10,905430.5,0.00746494851752
4,284,2025-03-05 00:53:06.414939+00:00,14,905430.5,0.00746494851752
4,2,2025-03-12 11:11:11.594976+00:00,7,703671.5,0.00580151819576
4,292,2025-03-19 11:11:54.917059+00:00,7,623292.5,0.0051388222772
4,305,2025-03-21 01:18:15.340457+00:00,34,905430.5,0.00746494851752
4,298,2025-03-21 01:18:32.937023+00:00,4,905430.5,0.00746494851752
4,303,2025-03-21 01:26:11.506055+00:00,14,905430.5,0.00746494851752
4,3,2025-05-19 10:43:44.220342+00:00,13,905430.5,0.00746494851752
4,1,2025-06-12 08:18:29.083649+00:00,14,905430.5,0.00746494851752
21,220,2025-02-07 13:36:02.177199+00:00,38,1113993.5,0.00918447536984
21,255,2025-02-08 19:18:52.942354+00:00,117,1113993.5,0.00918447536984
21,223,2025-02-07 11:59:08.795273+00:00,33,1113993.5,0.00918447536984
21,243,2025-02-08 22:19:22.167065+00:00,49,1113993.5,0.00918447536984
21,169,2025-02-03 19:01:14.979141+00:00,25,1113993.5,0.00918447536984
21,214,2025-02-03 14:43:42.099179+00:00,43,1113993.5,0.00918447536984
21,231,2025-02-03 18:12:29.163076+00:00,46,1113993.5,0.00918447536984
21,225,2025-02-04 12:46:29.749017+00:00,64,1113993.5,0.00918447536984
21,235,2025-02-04 14:39:19.872557+00:00,70,1113993.5,0.00918447536984
21,246,2025-02-07 11:29:21.073173+00:00,83,1113993.5,0.00918447536984
21,247,2025-02-08 19:20:42.421718+00:00,14,1113993.5,0.00918447536984
21,240,2025-02-08 23:10:16.076607+00:00,58,1113993.5,0.00918447536984
21,248,2025-02-06 22:46:12.460321+00:00,41,1113993.5,0.00918447536984
21,233,2025-02-08 11:04:46.726850+00:00,37,1113993.5,0.00918447536984
21,234,2025-02-03 23:18:07.523122+00:00,44,1113993.5,0.00918447536984
21,221,2025-02-08 17:00:28.150982+00:00,74,1113993.5,0.00918447536984
21,252,2025-02-07 20:26:24.974922+00:00,41,1113993.5,0.00918447536984
21,237,2025-02-08 23:11:50.272328+00:00,96,1113993.5,0.00918447536984
21,265,2025-02-08 23:22:39.278866+00:00,41,1113993.5,0.00918447536984
21,273,2025-02-08 23:32:39.515760+00:00,62,1113993.5,0.00918447536984
21,219,2025-02-08 19:10:37.747237+00:00,79,1113993.5,0.00918447536984
21,239,2025-02-05 11:57:31.042816+00:00,17,1113993.5,0.00918447536984
21,256,2025-02-08 20:43:09.593680+00:00,24,1113993.5,0.00918447536984
21,270,2025-02-08 23:43:12.363490+00:00,46,1113993.5,0.00918447536984
21,249,2025-02-07 21:23:26.612490+00:00,90,1113993.5,0.00918447536984
21,232,2025-02-08 18:43:01.469480+00:00,20,1113993.5,0.00918447536984
21,269,2025-02-08 23:24:27.375182+00:00,42,1113993.5,0.00918447536984
21,217,2025-02-03 15:13:03.489310+00:00,56,1113993.5,0.00918447536984
21,254,2025-02-08 16:27:14.419881+00:00,53,1113993.5,0.00918447536984
21,244,2025-02-05 16:18:41.558952+00:00,27,1113993.5,0.00918447536984
21,259,2025-02-08 19:18:26.044872+00:00,55,1113993.5,0.00918447536984
21,275,2025-02-09 01:26:58.340098+00:00,2,1113993.5,0.00918447536984
21,245,2025-02-09 02:49:03.406306+00:00,9,1113993.5,0.00918447536984
21,229,2025-02-09 04:05:10.528928+00:00,98,1113993.5,0.00918447536984
21,230,2025-02-09 04:14:32.547599+00:00,98,1113993.5,0.00918447536984
21,271,2025-02-09 17:45:12.151856+00:00,113,1113993.5,0.00918447536984
21,277,2025-02-09 18:10:22.182620+00:00,45,1113993.5,0.00918447536984
21,262,2025-02-09 21:42:36.988660+00:00,25,1113993.5,0.00918447536984
21,281,2025-02-09 23:30:53.371003+00:00,54,1113993.5,0.00918447536984
21,282,2025-02-09 23:50:18.975315+00:00,56,1113993.5,0.00918447536984
21,268,2025-02-09 23:57:47.645752+00:00,15,1113993.5,0.00918447536984
21,266,2025-02-10 17:24:19.829440+00:00,18,1113993.5,0.00918447536984
21,283,2025-02-10 23:30:46.156458+00:00,10,1113993.5,0.00918447536984
21,284,2025-03-05 00:56:27.526264+00:00,0,1113993.5,0.00918447536984
21,293,2025-03-21 01:13:45.764455+00:00,70,1113993.5,0.00918447536984
21,294,2025-03-21 01:14:42.303642+00:00,34,1113993.5,0.00918447536984
21,296,2025-03-21 01:37:45.220951+00:00,52,1113993.5,0.00918447536984
21,295,2025-03-21 01:38:03.965241+00:00,104,1113993.5,0.00918447536984
21,2,2025-03-26 20:15:38.121573+00:00,92,1166935,0.0096209589784
21,1,2025-06-12 20:51:51.425445+00:00,98,1113993.5,0.00918447536984
10,226,2025-02-08 17:26:07.187334+00:00,12,326447,0.00269143799408
10,257,2025-02-08 19:35:51.678875+00:00,12,326447,0.00269143799408
10,222,2025-02-04 10:29:11.342433+00:00,9,326447,0.00269143799408
10,256,2025-02-08 20:53:02.252193+00:00,9,326447,0.00269143799408
10,231,2025-02-03 18:07:30.171865+00:00,15,326447,0.00269143799408
10,224,2025-02-07 19:31:26.253109+00:00,13,326447,0.00269143799408
10,232,2025-02-06 22:34:53.094485+00:00,6,326447,0.00269143799408
10,214,2025-02-03 14:57:24.640750+00:00,10,326447,0.00269143799408
10,252,2025-02-08 18:48:50.578140+00:00,11,326447,0.00269143799408
10,243,2025-02-08 22:43:31.437240+00:00,14,326447,0.00269143799408
10,248,2025-02-06 22:47:36.004004+00:00,10,326447,0.00269143799408
10,239,2025-02-05 11:01:18.851826+00:00,14,326447,0.00269143799408
10,221,2025-02-03 18:21:20.548378+00:00,11,326447,0.00269143799408
10,262,2025-02-08 21:50:37.706544+00:00,15,326447,0.00269143799408
10,237,2025-02-08 22:24:13.859311+00:00,13,326447,0.00269143799408
10,273,2025-02-08 23:33:10.214282+00:00,14,326447,0.00269143799408
10,242,2025-02-06 21:01:45.736443+00:00,12,326447,0.00269143799408
10,223,2025-02-07 11:36:28.805389+00:00,10,326447,0.00269143799408
10,255,2025-02-08 19:22:51.798615+00:00,17,326447,0.00269143799408
10,228,2025-02-05 18:16:30.823320+00:00,4,326447,0.00269143799408
10,253,2025-02-08 16:00:57.290784+00:00,5,326447,0.00269143799408
10,265,2025-02-08 23:35:06.748698+00:00,13,326447,0.00269143799408
10,220,2025-02-07 13:25:17.275122+00:00,7,326447,0.00269143799408
10,267,2025-02-08 22:10:18.533083+00:00,14,326447,0.00269143799408
10,251,2025-02-08 23:45:10.808520+00:00,15,326447,0.00269143799408
10,241,2025-02-05 09:48:47.757090+00:00,16,326447,0.00269143799408
10,269,2025-02-08 23:25:25.365092+00:00,13,326447,0.00269143799408
10,216,2025-02-04 12:11:21.599718+00:00,15,326447,0.00269143799408
10,233,2025-02-08 11:33:50.314625+00:00,13,326447,0.00269143799408
10,259,2025-02-08 19:25:14.443019+00:00,12,326447,0.00269143799408
10,246,2025-02-06 13:40:48.663937+00:00,15,326447,0.00269143799408
10,249,2025-02-07 21:29:05.626980+00:00,15,326447,0.00269143799408
10,235,2025-02-07 17:02:11.628353+00:00,13,326447,0.00269143799408
10,247,2025-02-08 19:16:15.621479+00:00,5,326447,0.00269143799408
10,225,2025-02-04 12:16:39.372791+00:00,11,326447,0.00269143799408
10,254,2025-02-08 16:29:23.921847+00:00,10,326447,0.00269143799408
10,274,2025-02-08 23:47:06.230448+00:00,11,326447,0.00269143799408
10,240,2025-02-08 23:47:11.878530+00:00,10,326447,0.00269143799408
10,275,2025-02-09 00:25:10.116765+00:00,7,326447,0.00269143799408
10,245,2025-02-09 01:16:46.643638+00:00,2,326447,0.00269143799408
10,276,2025-02-09 03:56:45.367058+00:00,14,326447,0.00269143799408
10,230,2025-02-09 05:00:47.960721+00:00,9,326447,0.00269143799408
10,229,2025-02-09 05:14:51.894346+00:00,17,326447,0.00269143799408
10,277,2025-02-09 18:10:57.695857+00:00,13,326447,0.00269143799408
10,263,2025-02-09 19:23:28.918997+00:00,13,326447,0.00269143799408
10,280,2025-02-09 20:28:35.703152+00:00,7,326447,0.00269143799408
10,281,2025-02-09 22:46:39.410121+00:00,13,326447,0.00269143799408
10,268,2025-02-09 23:05:07.359295+00:00,8,326447,0.00269143799408
10,282,2025-02-09 23:43:09.480326+00:00,15,326447,0.00269143799408
10,271,2025-02-10 00:58:14.098886+00:00,15,326447,0.00269143799408
10,278,2025-02-10 01:16:23.045653+00:00,17,326447,0.00269143799408
10,279,2025-02-10 14:24:46.522548+00:00,11,326447,0.00269143799408
10,266,2025-02-10 17:27:23.102669+00:00,9,326447,0.00269143799408
10,283,2025-02-10 23:37:55.439304+00:00,15,326447,0.00269143799408
10,285,2025-03-05 00:43:51.308933+00:00,17,326447,0.00269143799408
10,286,2025-03-05 00:43:55.651540+00:00,17,326447,0.00269143799408
10,284,2025-03-05 00:55:47.899561+00:00,0,326447,0.00269143799408
10,2,2025-03-13 08:38:49.018663+00:00,15,479327,0.00395187855728
10,292,2025-03-19 11:15:08.751220+00:00,24,517712.5,0.004268353186
10,295,2025-03-21 01:11:22.037317+00:00,17,326447,0.00269143799408
10,301,2025-03-21 01:13:35.573294+00:00,19,326447,0.00269143799408
10,293,2025-03-21 01:15:35.691391+00:00,13,326447,0.00269143799408
10,3,2025-05-09 11:29:29.530689+00:00,6,326447,0.00269143799408
10,1,2025-06-12 16:11:24.778483+00:00,14,326447,0.00269143799408
17,214,2025-02-03 15:18:25.029394+00:00,38,941677.5,0.0077637919836
17,211,2025-02-04 16:58:15.856338+00:00,44,941677.5,0.0077637919836
17,258,2025-02-08 19:05:28.888651+00:00,21,941677.5,0.0077637919836
17,256,2025-02-08 20:31:42.680592+00:00,15,941677.5,0.0077637919836
17,234,2025-02-03 23:04:08.643508+00:00,36,941677.5,0.0077637919836
17,244,2025-02-05 18:39:13.864239+00:00,19,941677.5,0.0077637919836
17,273,2025-02-08 23:21:58.362532+00:00,49,941677.5,0.0077637919836
17,169,2025-02-04 14:44:02.027746+00:00,22,941677.5,0.0077637919836
17,239,2025-02-05 10:50:09.844147+00:00,45,941677.5,0.0077637919836
17,219,2025-02-08 17:13:00.385810+00:00,34,941677.5,0.0077637919836
17,246,2025-02-07 12:05:16.392812+00:00,50,941677.5,0.0077637919836
17,220,2025-02-07 13:44:27.005218+00:00,27,941677.5,0.0077637919836
17,232,2025-02-08 18:33:39.647979+00:00,16,941677.5,0.0077637919836
17,272,2025-02-08 23:40:02.080198+00:00,60,941677.5,0.0077637919836
17,255,2025-02-08 18:33:51.948700+00:00,81,941677.5,0.0077637919836
17,231,2025-02-03 18:26:00.341384+00:00,39,941677.5,0.0077637919836
17,267,2025-02-08 22:27:04.009054+00:00,46,941677.5,0.0077637919836
17,260,2025-02-08 23:42:25.542832+00:00,35,941677.5,0.0077637919836
17,216,2025-02-04 11:55:28.486055+00:00,65,941677.5,0.0077637919836
17,248,2025-02-06 23:22:57.648601+00:00,38,941677.5,0.0077637919836
17,265,2025-02-08 22:49:23.917661+00:00,35,941677.5,0.0077637919836
17,259,2025-02-08 19:24:00.189939+00:00,41,941677.5,0.0077637919836
17,247,2025-02-08 19:40:32.693575+00:00,23,941677.5,0.0077637919836
17,261,2025-02-08 21:08:12.713570+00:00,55,941677.5,0.0077637919836
17,269,2025-02-08 23:33:47.761308+00:00,53,941677.5,0.0077637919836
17,223,2025-02-07 11:47:15.792127+00:00,21,941677.5,0.0077637919836
17,233,2025-02-08 11:33:10.034241+00:00,41,941677.5,0.0077637919836
17,225,2025-02-04 12:13:31.643921+00:00,36,941677.5,0.0077637919836
17,252,2025-02-08 18:45:12.883956+00:00,20,941677.5,0.0077637919836
17,274,2025-02-08 23:49:05.190577+00:00,38,941677.5,0.0077637919836
17,236,2025-02-08 23:49:23.734638+00:00,67,941677.5,0.0077637919836
17,264,2025-02-08 23:49:38.772572+00:00,46,941677.5,0.0077637919836
17,275,2025-02-09 00:23:57.918304+00:00,15,941677.5,0.0077637919836
17,245,2025-02-09 02:05:29.382873+00:00,5,941677.5,0.0077637919836
17,229,2025-02-09 02:28:07.101122+00:00,58,941677.5,0.0077637919836
17,276,2025-02-09 03:30:45.304711+00:00,46,941677.5,0.0077637919836
17,230,2025-02-09 04:51:31.503886+00:00,41,941677.5,0.0077637919836
17,278,2025-02-09 15:55:35.074259+00:00,82,941677.5,0.0077637919836
17,277,2025-02-09 18:49:05.014505+00:00,31,941677.5,0.0077637919836
17,263,2025-02-09 19:31:28.871537+00:00,31,941677.5,0.0077637919836
17,280,2025-02-09 19:38:39.208824+00:00,26,941677.5,0.0077637919836
17,262,2025-02-09 21:54:15.868722+00:00,20,941677.5,0.0077637919836
17,282,2025-02-09 23:44:50.557683+00:00,43,941677.5,0.0077637919836
17,268,2025-02-09 23:59:05.527073+00:00,10,941677.5,0.0077637919836
17,271,2025-02-10 02:04:06.680856+00:00,71,941677.5,0.0077637919836
17,215,2025-02-10 16:18:16.756619+00:00,61,941677.5,0.0077637919836
17,283,2025-02-10 23:18:26.273300+00:00,5,941677.5,0.0077637919836
17,3,2025-03-03 17:25:13.688334+00:00,69,941677.5,0.0077637919836
17,54,2025-03-05 00:42:20.849013+00:00,64,941677.5,0.0077637919836
17,284,2025-03-05 00:45:58.695199+00:00,50,941677.5,0.0077637919836
17,2,2025-03-13 09:19:37.059948+00:00,74,941677.5,0.0077637919836
17,1,2025-06-12 20:33:23.548442+00:00,65,941677.5,0.0077637919836
